type,ID,seq,packetLoss,nodeTimestamp,bsTimestamp,syncTimestamp,systemTime,accelX,accelY,accelZ,cannula,voltage
1,5,15,0,10835599,16710817,6921497076736260109,1361355103.247310,-15136,-5484,3612,nan,0.000000
1,5,15,0,10835599,16710817,6921497076736262730,1361355103.247310,-15052,-5528,3704,nan,0.000000
2,5,0,0,10835599,16710849,6921497076736265351,1361355103.247525,-15048,-5480,3616,nan,0.000000
2,5,0,0,10835599,16710849,6921497076736267972,1361355103.247525,-15000,-5516,3856,nan,0.000000
2,5,0,0,10835599,16710849,6921497076736270593,1361355103.247525,-14936,-5628,3808,nan,0.000000
2,5,0,0,10835599,16710849,6921497076736273214,1361355103.247525,-14892,-5660,3736,nan,0.000000
2,5,0,0,10835599,16710849,6921497076736275835,1361355103.247525,-14940,-5780,3812,nan,0.000000
2,5,1,0,10835599,16710880,6921497076736278456,1361355103.247811,-15028,-5748,3736,nan,0.000000
2,5,1,0,10835599,16710880,6921497076736281077,1361355103.247811,-15056,-5736,3652,nan,0.000000
2,5,1,0,10835599,16710880,6921497076736283698,1361355103.247811,-15028,-5828,3636,nan,0.000000
2,5,1,0,10835599,16710880,6921497076736286319,1361355103.247811,-15032,-5688,3764,nan,0.000000
2,5,1,0,10835599,16710880,6921497076736288940,1361355103.247811,-14984,-5668,3576,nan,0.000000
2,5,2,0,10835599,16710912,6921497076736291561,1361355103.248035,-15040,-5732,3712,nan,0.000000
2,5,2,0,10835599,16710912,6921497076736294182,1361355103.248035,-14976,-5780,3680,nan,0.000000
2,5,2,0,10835599,16710912,6921497076736296803,1361355103.248035,-14948,-5736,3748,nan,0.000000
2,5,2,0,10835599,16710912,6921497076736299424,1361355103.248035,-15040,-5724,3784,nan,0.000000
2,5,2,0,10835599,16710912,6921497076736302045,1361355103.248035,-14924,-5752,3744,nan,0.000000
2,5,3,0,10835599,16710944,6921497076736304666,1361355103.248297,-14984,-5724,3668,nan,0.000000
2,5,3,0,10835599,16710944,6921497076736307287,1361355103.248297,-14996,-5812,3708,nan,0.000000
2,5,3,0,10835599,16710944,6921497076736309908,1361355103.248297,-14992,-5684,3620,nan,0.000000
2,5,3,0,10835599,16710944,6921497076736312529,1361355103.248297,-14988,-5796,3612,nan,0.000000
2,5,3,0,10835599,16710944,6921497076736315150,1361355103.248297,-14992,-5812,3660,nan,0.000000
2,5,4,0,10835599,16710975,6921497076736317771,1361355103.248564,-14908,-5796,3616,nan,0.000000
2,5,4,0,10835599,16710975,6921497076736320392,1361355103.248564,-14956,-5788,3636,nan,0.000000
2,5,4,0,10835599,16710975,6921497076736323013,1361355103.248564,-14928,-5900,3712,nan,0.000000
2,5,4,0,10835599,16710975,6921497076736325634,1361355103.248564,-14968,-5880,3696,nan,0.000000
2,5,4,0,10835599,16710975,6921497076736328255,1361355103.248564,-14936,-5872,3732,nan,0.000000
2,5,5,0,10835599,16711007,6921497076736330876,1361355103.248802,-15036,-5872,3780,nan,0.000000
2,5,5,0,10835599,16711007,6921497076736333497,1361355103.248802,-14924,-5720,3872,nan,0.000000
2,5,5,0,10835599,16711007,6921497076736336118,1361355103.248802,-14980,-5748,3860,nan,0.000000
2,5,5,0,10835599,16711007,6921497076736338739,1361355103.248802,-15012,-5804,3928,nan,0.000000
2,5,5,0,10835599,16711007,6921497076736341360,1361355103.248802,-14928,-5724,3808,nan,0.000000
1,5,6,0,10916888,16711039,2310250855578059790,1361355103.249042,-14948,-5708,3872,nan,0.000000
1,5,6,15,10916888,16711039,2310250855578062411,1361355103.249042,-14864,-5688,3976,nan,0.000000
2,5,7,15,10916888,16711070,2310250855578065032,1361355103.249179,-15000,-5724,3884,nan,0.000000
2,5,7,15,10916888,16711070,2310250855578067653,1361355103.249179,-14972,-5776,3856,nan,0.000000
2,5,7,15,10916888,16711070,2310250855578070274,1361355103.249179,-14832,-5640,3936,nan,0.000000
2,5,7,15,10916888,16711070,2310250855578072895,1361355103.249179,-14920,-5748,3864,nan,0.000000
2,5,7,15,10916888,16711070,2310250855578075516,1361355103.249179,-14888,-5816,3892,nan,0.000000
2,5,8,15,10916888,16711102,2310250855578078137,1361355103.249416,-14880,-5832,3828,nan,0.000000
2,5,8,15,10916888,16711102,2310250855578080758,1361355103.249416,-14928,-6040,3996,nan,0.000000
2,5,8,15,10916888,16711102,2310250855578083379,1361355103.249416,-14688,-5808,3752,nan,0.000000
2,5,8,15,10916888,16711102,2310250855578086000,1361355103.249416,-14728,-5972,3760,nan,0.000000
2,5,8,15,10916888,16711102,2310250855578088621,1361355103.249416,-15000,-6044,3648,nan,0.000000
2,5,9,15,10916888,16711134,2310250855578091242,1361355103.249699,-14972,-5776,3828,nan,0.000000
2,5,9,15,10916888,16711134,2310250855578093863,1361355103.249699,-15056,-6060,3760,nan,0.000000
2,5,9,15,10916888,16711134,2310250855578096484,1361355103.249699,-15100,-6256,3424,nan,0.000000
2,5,9,15,10916888,16711134,2310250855578099105,1361355103.249699,-14960,-6060,3476,nan,0.000000
2,5,9,15,10916888,16711134,2310250855578101726,1361355103.249699,-14920,-5572,3960,nan,0.000000
2,5,10,15,10916888,16711165,2310250855578104347,1361355103.249954,-14884,-5476,4300,nan,0.000000
2,5,10,15,10916888,16711165,2310250855578106968,1361355103.249954,-14668,-5652,4452,nan,0.000000
2,5,10,15,10916888,16711165,2310250855578109589,1361355103.249954,-14332,-6292,4680,nan,0.000000
2,5,10,15,10916888,16711165,2310250855578112210,1361355103.249954,-14524,-6464,4888,nan,0.000000
2,5,10,15,10916888,16711165,2310250855578114831,1361355103.249954,-14812,-5864,4368,nan,0.000000
2,5,11,15,10916888,16711197,2310250855578117452,1361355103.250189,-14304,-6120,4300,nan,0.000000
2,5,11,15,10916888,16711197,2310250855578120073,1361355103.250189,-14544,-6676,4460,nan,0.000000
2,5,11,15,10916888,16711197,2310250855578122694,1361355103.250189,-14512,-6344,3956,nan,0.000000
2,5,11,15,10916888,16711197,2310250855578125315,1361355103.250189,-14780,-6508,4044,nan,0.000000
2,5,11,15,10916888,16711197,2310250855578127936,1361355103.250189,-14728,-6740,3772,nan,0.000000
2,5,12,15,10916888,16711229,2310250855578130557,1361355103.250483,-14640,-6484,3532,nan,0.000000
2,5,12,15,10916888,16711229,2310250855578133178,1361355103.250483,-14764,-6164,3724,nan,0.000000
2,5,12,15,10916888,16711229,2310250855578135799,1361355103.250483,-14680,-6160,3652,nan,0.000000
2,5,12,15,10916888,16711229,2310250855578138420,1361355103.250483,-14812,-6516,3828,nan,0.000000
2,5,12,15,10916888,16711229,2310250855578141041,1361355103.250483,-14652,-6464,3828,nan,0.000000
1,5,13,0,10998176,16792110,-8354479780421776371,1361355103.250744,-14560,-6392,3900,nan,0.000000
1,5,13,1,10998176,16792110,-8354479780421773750,1361355103.250744,-14556,-6540,4168,nan,0.000000
2,5,14,1,10998176,16792142,-8354479780421771129,1361355103.250859,-14352,-6648,4244,nan,0.000000
2,5,14,1,10998176,16792142,-8354479780421768508,1361355103.250859,-14352,-6720,4396,nan,0.000000
2,5,14,1,10998176,16792142,-8354479780421765887,1361355103.250859,-14208,-6712,4428,nan,0.000000
2,5,14,1,10998176,16792142,-8354479780421763266,1361355103.250859,-14284,-6696,4564,nan,0.000000
2,5,14,1,10998176,16792142,-8354479780421760645,1361355103.250859,-14264,-6868,4536,nan,0.000000
2,5,15,1,10998176,16792174,-8354479780421758024,1361355103.251103,-14124,-6852,4556,nan,0.000000
2,5,15,1,10998176,16792174,-8354479780421755403,1361355103.251103,-14188,-7160,5008,nan,0.000000
2,5,15,1,10998176,16792174,-8354479780421752782,1361355103.251103,-14056,-6884,4652,nan,0.000000
2,5,15,1,10998176,16792174,-8354479780421750161,1361355103.251103,-14080,-6928,4792,nan,0.000000
2,5,15,1,10998176,16792174,-8354479780421747540,1361355103.251103,-14040,-6816,4720,nan,0.000000
2,5,0,1,10998176,16792205,-8354479780421744919,1361355103.251361,-14032,-6980,4828,nan,0.000000
2,5,0,1,10998176,16792205,-8354479780421742298,1361355103.251361,-14032,-6876,4844,nan,0.000000
2,5,0,1,10998176,16792205,-8354479780421739677,1361355103.251361,-14140,-7040,4968,nan,0.000000
2,5,0,1,10998176,16792205,-8354479780421737056,1361355103.251361,-14044,-6812,4872,nan,0.000000
2,5,0,1,10998176,16792205,-8354479780421734435,1361355103.251361,-14040,-6876,5028,nan,0.000000
2,5,1,1,10998176,16792237,-8354479780421731814,1361355103.251595,-14052,-6848,4968,nan,0.000000
2,5,1,1,10998176,16792237,-8354479780421729193,1361355103.251595,-13996,-6860,5056,nan,0.000000
2,5,1,1,10998176,16792237,-8354479780421726572,1361355103.251595,-14000,-6788,5120,nan,0.000000
2,5,1,1,10998176,16792237,-8354479780421723951,1361355103.251595,-14012,-6920,5256,nan,0.000000
2,5,1,1,10998176,16792237,-8354479780421721330,1361355103.251595,-13960,-7004,5224,nan,0.000000
2,5,2,1,10998176,16792269,-8354479780421718709,1361355103.251865,-13984,-6964,5172,nan,0.000000
2,5,2,1,10998176,16792269,-8354479780421716088,1361355103.251865,-13972,-6900,5048,nan,0.000000
2,5,2,1,10998176,16792269,-8354479780421713467,1361355103.251865,-14040,-7040,4920,nan,0.000000
2,5,2,1,10998176,16792269,-8354479780421710846,1361355103.251865,-14028,-7020,4884,nan,0.000000
2,5,2,1,10998176,16792269,-8354479780421708225,1361355103.251865,-14028,-7028,4816,nan,0.000000
2,5,3,1,10998176,16792300,-8354479780421705604,1361355103.252115,-14016,-7004,4852,nan,0.000000
2,5,3,1,10998176,16792300,-8354479780421702983,1361355103.252115,-14108,-7068,4848,nan,0.000000
2,5,3,1,10998176,16792300,-8354479780421700362,1361355103.252115,-14076,-6940,4924,nan,0.000000
2,5,3,1,10998176,16792300,-8354479780421697741,1361355103.252115,-14132,-6868,4916,nan,0.000000
2,5,3,1,10998176,16792300,-8354479780421695120,1361355103.252115,-14072,-6832,4800,nan,0.000000
1,5,4,0,11079463,16873402,-1147744020772359150,1361355103.252350,-14108,-6752,4752,nan,0.000000
1,5,4,0,11079463,16873402,-1147744020772356529,1361355103.252350,-14184,-6740,4616,nan,0.000000
2,5,5,0,11079463,16873434,-1147744020772353908,1361355103.252461,-14204,-6692,4672,nan,0.000000
2,5,5,0,11079463,16873434,-1147744020772351287,1361355103.252461,-14224,-6732,4792,nan,0.000000
2,5,5,0,11079463,16873434,-1147744020772348666,1361355103.252461,-14148,-6736,4844,nan,0.000000
2,5,5,0,11079463,16873434,-1147744020772346045,1361355103.252461,-14112,-6652,4876,nan,0.000000
2,5,5,0,11079463,16873434,-1147744020772343424,1361355103.252461,-14164,-6692,4880,nan,0.000000
2,5,6,0,11079463,16873466,-1147744020772340803,1361355103.252698,-14152,-6724,4920,nan,0.000000
2,5,6,0,11079463,16873466,-1147744020772338182,1361355103.252698,-14048,-6736,4900,nan,0.000000
2,5,6,0,11079463,16873466,-1147744020772335561,1361355103.252698,-14148,-6752,5036,nan,0.000000
2,5,6,0,11079463,16873466,-1147744020772332940,1361355103.252698,-14084,-6740,5080,nan,0.000000
2,5,6,0,11079463,16873466,-1147744020772330319,1361355103.252698,-14044,-6824,5048,nan,0.000000
2,5,7,0,11079463,16873497,-1147744020772327698,1361355103.252933,-14124,-6808,5100,nan,0.000000
2,5,7,0,11079463,16873497,-1147744020772325077,1361355103.252933,-14060,-6776,5040,nan,0.000000
2,5,7,0,11079463,16873497,-1147744020772322456,1361355103.252933,-14136,-6932,4956,nan,0.000000
2,5,7,0,11079463,16873497,-1147744020772319835,1361355103.252933,-14016,-6784,5040,nan,0.000000
2,5,7,0,11079463,16873497,-1147744020772317214,1361355103.252933,-14136,-6772,5016,nan,0.000000
2,5,8,0,11079463,16873529,-1147744020772314593,1361355103.253167,-14088,-6744,5028,nan,0.000000
2,5,8,0,11079463,16873529,-1147744020772311972,1361355103.253167,-14100,-6732,5016,nan,0.000000
2,5,8,0,11079463,16873529,-1147744020772309351,1361355103.253167,-14148,-6688,5044,nan,0.000000
2,5,8,0,11079463,16873529,-1147744020772306730,1361355103.253167,-14140,-6728,5056,nan,0.000000
2,5,8,0,11079463,16873529,-1147744020772304109,1361355103.253167,-14136,-6640,5052,nan,0.000000
2,5,9,0,11079463,16873561,-1147744020772301488,1361355103.253401,-14160,-6712,4920,nan,0.000000
2,5,9,0,11079463,16873561,-1147744020772298867,1361355103.253401,-14164,-6628,4824,nan,0.000000
2,5,9,0,11079463,16873561,-1147744020772296246,1361355103.253401,-14172,-6532,4900,nan,0.000000
2,5,9,0,11079463,16873561,-1147744020772293625,1361355103.253401,-14240,-6600,4948,nan,0.000000
2,5,9,0,11079463,16873561,-1147744020772291004,1361355103.253401,-14184,-6576,5004,nan,0.000000
2,5,10,0,11079463,16873592,-1147744020772288383,1361355103.253633,-14200,-6584,4980,nan,0.000000
2,5,10,0,11079463,16873592,-1147744020772285762,1361355103.253633,-14244,-6528,4956,nan,0.000000
2,5,10,0,11079463,16873592,-1147744020772283141,1361355103.253633,-14220,-6600,4976,nan,0.000000
2,5,10,0,11079463,16873592,-1147744020772280520,1361355103.253633,-14220,-6528,5024,nan,0.000000
2,5,10,0,11079463,16873592,-1147744020772277899,1361355103.253633,-14192,-6560,4952,nan,0.000000
1,5,11,0,11160751,16954693,6634788402934346771,1361355103.253897,-14200,-6588,5028,nan,0.000000
1,5,11,0,11160751,16954693,6634788402934349392,1361355103.253897,-14208,-6520,5004,nan,0.000000
2,5,12,0,11160751,16954725,6634788402934352013,1361355103.254012,-14172,-6488,4920,nan,0.000000
2,5,12,0,11160751,16954725,6634788402934354634,1361355103.254012,-14144,-6640,5008,nan,0.000000
2,5,12,0,11160751,16954725,6634788402934357255,1361355103.254012,-14172,-6548,5072,nan,0.000000
2,5,12,0,11160751,16954725,6634788402934359876,1361355103.254012,-14140,-6584,4932,nan,0.000000
2,5,12,0,11160751,16954725,6634788402934362497,1361355103.254012,-14108,-6668,5180,nan,0.000000
2,5,13,0,11160751,16954757,6634788402934365118,1361355103.254247,-14072,-6632,5004,nan,0.000000
2,5,13,0,11160751,16954757,6634788402934367739,1361355103.254247,-14136,-6748,5080,nan,0.000000
2,5,13,0,11160751,16954757,6634788402934370360,1361355103.254247,-14080,-6668,5028,nan,0.000000
2,5,13,0,11160751,16954757,6634788402934372981,1361355103.254247,-14104,-6708,4992,nan,0.000000
2,5,13,0,11160751,16954757,6634788402934375602,1361355103.254247,-14144,-6860,5148,nan,0.000000
2,5,14,0,11160751,16954788,6634788402934378223,1361355103.254491,-14080,-6640,5036,nan,0.000000
2,5,14,0,11160751,16954788,6634788402934380844,1361355103.254491,-14124,-6760,5124,nan,0.000000
2,5,14,0,11160751,16954788,6634788402934383465,1361355103.254491,-14008,-6648,5032,nan,0.000000
2,5,14,0,11160751,16954788,6634788402934386086,1361355103.254491,-14052,-6820,5268,nan,0.000000
2,5,14,0,11160751,16954788,6634788402934388707,1361355103.254491,-13992,-6684,5020,nan,0.000000
2,5,15,0,11160751,16954820,6634788402934391328,1361355103.254727,-14040,-6828,5232,nan,0.000000
2,5,15,0,11160751,16954820,6634788402934393949,1361355103.254727,-14016,-6812,5220,nan,0.000000
2,5,15,0,11160751,16954820,6634788402934396570,1361355103.254727,-13992,-6792,5160,nan,0.000000
2,5,15,0,11160751,16954820,6634788402934399191,1361355103.254727,-13956,-6868,5332,nan,0.000000
2,5,15,0,11160751,16954820,6634788402934401812,1361355103.254727,-13952,-7320,5748,nan,0.000000
2,5,0,0,11160751,16954852,6634788402934404433,1361355103.255031,-13616,-7448,5628,nan,0.000000
2,5,0,0,11160751,16954852,6634788402934407054,1361355103.255031,-13784,-6880,5740,nan,0.000000
2,5,0,0,11160751,16954852,6634788402934409675,1361355103.255031,-13644,-6708,5900,nan,0.000000
2,5,0,0,11160751,16954852,6634788402934412296,1361355103.255031,-14080,-6612,6400,nan,0.000000
2,5,0,0,11160751,16954852,6634788402934414917,1361355103.255031,-12976,-7428,6924,nan,0.000000
2,5,1,0,11160751,16954883,6634788402934417538,1361355103.255267,-12740,-7892,6512,nan,0.000000
2,5,1,0,11160751,16954883,6634788402934420159,1361355103.255267,-11848,-6136,5184,nan,0.000000
2,5,1,0,11160751,16954883,6634788402934422780,1361355103.255267,-14376,-7392,3052,nan,0.000000
2,5,1,0,11160751,16954883,6634788402934425401,1361355103.255267,-15632,-7360,3016,nan,0.000000
2,5,1,0,11160751,16954883,6634788402934428022,1361355103.255267,-13152,-7584,2680,nan,0.000000
1,5,2,0,11242038,17035984,4617325313587769369,1361355103.255501,-14960,-9176,2828,nan,0.000000
1,5,2,0,11242038,17035984,4617325313587771990,1361355103.255501,-13828,-8692,4284,nan,0.000000
2,5,3,0,11242038,17036016,4617325313587774611,1361355103.255613,-13432,-8288,2992,nan,0.000000
2,5,3,0,11242038,17036016,4617325313587777232,1361355103.255613,-13096,-9000,2796,nan,0.000000
2,5,3,0,11242038,17036016,4617325313587779853,1361355103.255613,-12784,-9096,2872,nan,0.000000
2,5,3,0,11242038,17036016,4617325313587782474,1361355103.255613,-14128,-8888,2752,nan,0.000000
2,5,3,0,11242038,17036016,4617325313587785095,1361355103.255613,-16592,-7432,5016,nan,0.000000
2,5,4,0,11242038,17036048,4617325313587787716,1361355103.255846,-15280,-6716,3684,nan,0.000000
2,5,4,0,11242038,17036048,4617325313587790337,1361355103.255846,-13404,-5100,4424,nan,0.000000
2,5,4,0,11242038,17036048,4617325313587792958,1361355103.255846,-15916,-4040,5556,nan,0.000000
2,5,4,0,11242038,17036048,4617325313587795579,1361355103.255846,-15600,-5600,5028,nan,0.000000
2,5,4,0,11242038,17036048,4617325313587798200,1361355103.255846,-12944,-5016,4656,nan,0.000000
2,5,5,0,11242038,17036079,4617325313587800821,1361355103.256111,-14832,-5732,5332,nan,0.000000
2,5,5,0,11242038,17036079,4617325313587803442,1361355103.256111,-14156,-6904,5488,nan,0.000000
2,5,5,0,11242038,17036079,4617325313587806063,1361355103.256111,-12032,-6448,4780,nan,0.000000
2,5,5,0,11242038,17036079,4617325313587808684,1361355103.256111,-13240,-6200,6280,nan,0.000000
2,5,5,0,11242038,17036079,4617325313587811305,1361355103.256111,-12680,-7360,5932,nan,0.000000
2,5,6,0,11242038,17036111,4617325313587813926,1361355103.256347,-12564,-8992,6232,nan,0.000000
2,5,6,0,11242038,17036111,4617325313587816547,1361355103.256347,-13256,-9696,8056,nan,0.000000
2,5,6,0,11242038,17036111,4617325313587819168,1361355103.256347,-15620,-9028,7064,nan,0.000000
2,5,6,0,11242038,17036111,4617325313587821789,1361355103.256347,-15876,-7760,5732,nan,0.000000
2,5,6,0,11242038,17036111,4617325313587824410,1361355103.256347,-10948,-5708,3788,nan,0.000000
2,5,7,0,11242038,17036143,4617325313587827031,1361355103.256581,-16192,-7884,5072,nan,0.000000
2,5,7,0,11242038,17036143,4617325313587829652,1361355103.256581,-13256,-4956,5260,nan,0.000000
2,5,7,0,11242038,17036143,4617325313587832273,1361355103.256581,-13812,-6536,3628,nan,0.000000
2,5,7,0,11242038,17036143,4617325313587834894,1361355103.256581,-12396,-9128,2852,nan,0.000000
2,5,7,0,11242038,17036143,4617325313587837515,1361355103.256581,-12884,-8588,3820,nan,0.000000
1,5,9,0,11323325,17605025,2313030350710669328,1361355116.077392,-17016,-8180,4704,nan,0.000000
1,5,9,0,11323325,17605025,2313030350710671949,1361355116.077392,-10784,-6996,2716,nan,0.000000
2,5,10,0,11323325,17605057,2313030350710674570,1361355116.079109,-12420,-6036,4296,nan,0.000000
2,5,10,0,11323325,17605057,2313030350710677191,1361355116.079109,-13476,-5464,6080,nan,0.000000
2,5,10,0,11323325,17605057,2313030350710679812,1361355116.079109,-11828,-6688,5116,nan,0.000000
2,5,10,0,11323325,17605057,2313030350710682433,1361355116.079109,-16912,-7440,8948,nan,0.000000
2,5,10,0,11323325,17605057,2313030350710685054,1361355116.079109,-15900,-14308,8260,nan,0.000000
2,5,11,0,11323325,17605089,2313030350710687675,1361355116.080440,-14708,-7752,3040,nan,0.000000
2,5,11,0,11323325,17605089,2313030350710690296,1361355116.080440,-14112,-5188,2336,nan,0.000000
2,5,11,0,11323325,17605089,2313030350710692917,1361355116.080440,-14956,-8276,2752,nan,0.000000
2,5,11,0,11323325,17605089,2313030350710695538,1361355116.080440,-12660,-2428,2640,nan,0.000000
2,5,11,0,11323325,17605089,2313030350710698159,1361355116.080440,-14776,-4760,1128,nan,0.000000
2,5,12,0,11323325,17605121,2313030350710700780,1361355116.081316,-12632,-10288,3252,nan,0.000000
2,5,12,0,11323325,17605121,2313030350710703401,1361355116.081316,-11608,-7348,1884,nan,0.000000
2,5,12,0,11323325,17605121,2313030350710706022,1361355116.081316,-16344,-7456,7096,nan,0.000000
2,5,12,0,11323325,17605121,2313030350710708643,1361355116.081316,-16604,-8860,6620,nan,0.000000
2,5,12,0,11323325,17605121,2313030350710711264,1361355116.081316,-18788,-6420,1896,nan,0.000000
2,5,13,0,11323325,17605153,2313030350710713885,1361355116.082017,-15372,2044,4012,nan,0.000000
2,5,13,0,11323325,17605153,2313030350710716506,1361355116.082017,-16936,-6192,1508,nan,0.000000
2,5,13,0,11323325,17605153,2313030350710719127,1361355116.082017,-12116,-8236,2020,nan,0.000000
2,5,13,0,11323325,17605153,2313030350710721748,1361355116.082017,-11688,-6464,2828,nan,0.000000
2,5,13,0,11323325,17605153,2313030350710724369,1361355116.082017,-12756,-6580,4324,nan,0.000000
2,5,14,0,11323325,17605185,2313030350710726990,1361355116.083078,-13180,-5844,5340,nan,0.000000
2,5,14,0,11323325,17605185,2313030350710729611,1361355116.083078,-13556,-5460,4276,nan,0.000000
2,5,14,0,11323325,17605185,2313030350710732232,1361355116.083078,-17496,-12480,8456,nan,0.000000
2,5,14,0,11323325,17605185,2313030350710734853,1361355116.083078,-14020,-13024,3672,nan,0.000000
2,5,14,0,11323325,17605185,2313030350710737474,1361355116.083078,-15636,-6772,4272,nan,0.000000
2,5,15,0,11323325,17605217,2313030350710740095,1361355116.084266,-11608,-6040,2148,nan,0.000000
2,5,15,0,11323325,17605217,2313030350710742716,1361355116.084266,-14328,-7780,3804,nan,0.000000
2,5,15,0,11323325,17605217,2313030350710745337,1361355116.084266,-14376,-3716,2844,nan,0.000000
2,5,15,0,11323325,17605217,2313030350710747958,1361355116.084266,-13352,-8476,2112,nan,0.000000
2,5,15,0,11323325,17605217,2313030350710750579,1361355116.084266,-11008,-8420,2436,nan,0.000000
1,5,0,0,11404613,17605249,-2589960245362531320,1361355116.085088,-19148,-10088,7508,nan,0.000000
1,5,0,15,11404613,17605249,-2589960245362528699,1361355116.085088,-17724,-7920,3936,nan,0.000000
2,5,1,15,11404613,17605281,-2589960245362526078,1361355116.085519,-15736,-2664,1800,nan,0.000000
2,5,1,15,11404613,17605281,-2589960245362523457,1361355116.085519,-14504,-492,3492,nan,0.000000
2,5,1,15,11404613,17605281,-2589960245362520836,1361355116.085519,-15568,-10068,3352,nan,0.000000
2,5,1,15,11404613,17605281,-2589960245362518215,1361355116.085519,-11680,-5884,2048,nan,0.000000
2,5,1,15,11404613,17605281,-2589960245362515594,1361355116.085519,-11992,-5688,4624,nan,0.000000
2,5,2,15,11404613,17605313,-2589960245362512973,1361355116.087073,-12884,-6476,5800,nan,0.000000
2,5,2,15,11404613,17605313,-2589960245362510352,1361355116.087073,-12820,-6616,5092,nan,0.000000
2,5,2,15,11404613,17605313,-2589960245362507731,1361355116.087073,-16348,-9332,7252,nan,0.000000
2,5,2,15,11404613,17605313,-2589960245362505110,1361355116.087073,-13044,-12760,6568,nan,0.000000
2,5,2,15,11404613,17605313,-2589960245362502489,1361355116.087073,-15876,-8908,3724,nan,0.000000
2,5,3,15,11404613,17605345,-2589960245362499868,1361355116.087803,-13436,-5808,2064,nan,0.000000
2,5,3,15,11404613,17605345,-2589960245362497247,1361355116.087803,-15684,-8632,-192,nan,0.000000
2,5,3,15,11404613,17605345,-2589960245362494626,1361355116.087803,-14168,-5180,2904,nan,0.000000
2,5,3,15,11404613,17605345,-2589960245362492005,1361355116.087803,-13544,-3620,-2232,nan,0.000000
2,5,3,15,11404613,17605345,-2589960245362489384,1361355116.087803,-13072,-7496,-836,nan,0.000000
2,5,4,15,11404613,17605377,-2589960245362486763,1361355116.089381,-14096,-7596,-1152,nan,0.000000
2,5,4,15,11404613,17605377,-2589960245362484142,1361355116.089381,-15676,-7312,1104,nan,0.000000
2,5,4,15,11404613,17605377,-2589960245362481521,1361355116.089381,-19100,-7792,4388,nan,0.000000
2,5,4,15,11404613,17605377,-2589960245362478900,1361355116.089381,-16768,-7344,-1184,nan,0.000000
2,5,4,15,11404613,17605377,-2589960245362476279,1361355116.089381,-16820,-128,3216,nan,0.000000
2,5,5,15,11404613,17605409,-2589960245362473658,1361355116.089998,-15548,-2616,1820,nan,0.000000
2,5,5,15,11404613,17605409,-2589960245362471037,1361355116.089998,-15344,-7484,1636,nan,0.000000
2,5,5,15,11404613,17605409,-2589960245362468416,1361355116.089998,-11704,-5476,2136,nan,0.000000
2,5,5,15,11404613,17605409,-2589960245362465795,1361355116.089998,-13416,-6048,4488,nan,0.000000
2,5,5,15,11404613,17605409,-2589960245362463174,1361355116.089998,-12516,-6124,4096,nan,0.000000
2,5,6,15,11404613,17605441,-2589960245362460553,1361355116.091430,-13104,-6792,4532,nan,0.000000
2,5,6,15,11404613,17605441,-2589960245362457932,1361355116.091430,-16648,-9620,7272,nan,0.000000
2,5,6,15,11404613,17605441,-2589960245362455311,1361355116.091430,-13696,-11984,5268,nan,0.000000
2,5,6,15,11404613,17605441,-2589960245362452690,1361355116.091430,-16776,-7780,4896,nan,0.000000
2,5,6,15,11404613,17605441,-2589960245362450069,1361355116.091430,-13420,-5640,2580,nan,0.000000
1,5,7,0,11485901,17605473,7501990767024321553,1361355116.092058,-13024,-4656,4256,nan,0.000000
1,5,7,0,11485901,17605473,7501990767024324174,1361355116.092058,-13768,-4648,796,nan,0.000000
2,5,8,0,11485901,17605505,7501990767024326795,1361355116.092344,-13116,-9236,3452,nan,0.000000
2,5,8,0,11485901,17605505,7501990767024329416,1361355116.092344,-12468,-8468,2704,nan,0.000000
2,5,8,0,11485901,17605505,7501990767024332037,1361355116.092344,-14648,-7188,5512,nan,0.000000
2,5,8,0,11485901,17605505,7501990767024334658,1361355116.092344,-15728,-8868,7452,nan,0.000000
2,5,8,0,11485901,17605505,7501990767024337279,1361355116.092344,-15716,-8316,2004,nan,0.000000
2,5,9,0,11485901,17605537,7501990767024339900,1361355116.093204,-16764,-1640,2764,nan,0.000000
2,5,9,0,11485901,17605537,7501990767024342521,1361355116.093204,-15652,-2460,2684,nan,0.000000
2,5,9,0,11485901,17605537,7501990767024345142,1361355116.093204,-13560,-13204,2956,nan,0.000000
2,5,9,0,11485901,17605537,7501990767024347763,1361355116.093204,-11976,-7020,1332,nan,0.000000
2,5,9,0,11485901,17605537,7501990767024350384,1361355116.093204,-14236,-7152,5468,nan,0.000000
2,5,10,0,11485901,17605569,7501990767024353005,1361355116.093717,-12528,-7016,4704,nan,0.000000
2,5,10,0,11485901,17605569,7501990767024355626,1361355116.093717,-12324,-6600,4120,nan,0.000000
2,5,10,0,11485901,17605569,7501990767024358247,1361355116.093717,-12420,-6624,4304,nan,0.000000
2,5,10,0,11485901,17605569,7501990767024360868,1361355116.093717,-15352,-10272,6672,nan,0.000000
2,5,10,0,11485901,17605569,7501990767024363489,1361355116.093717,-13220,-11752,7252,nan,0.000000
2,5,11,0,11485901,17605601,7501990767024366110,1361355116.095216,-16132,-9628,5136,nan,0.000000
2,5,11,0,11485901,17605601,7501990767024368731,1361355116.095216,-12564,-6000,3048,nan,0.000000
2,5,11,0,11485901,17605601,7501990767024371352,1361355116.095216,-14696,-7396,1740,nan,0.000000
2,5,11,0,11485901,17605601,7501990767024373973,1361355116.095216,-14536,-6944,6280,nan,0.000000
2,5,11,0,11485901,17605601,7501990767024376594,1361355116.095216,-12404,-6312,924,nan,0.000000
2,5,12,0,11485901,17605633,7501990767024379215,1361355116.095709,-12816,-9624,2656,nan,0.000000
2,5,12,0,11485901,17605633,7501990767024381836,1361355116.095709,-13564,-8140,3408,nan,0.000000
2,5,12,0,11485901,17605633,7501990767024384457,1361355116.095709,-13416,-8124,3600,nan,0.000000
2,5,12,0,11485901,17605633,7501990767024387078,1361355116.095709,-15580,-8844,6404,nan,0.000000
2,5,12,0,11485901,17605633,7501990767024389699,1361355116.095709,-16896,-8928,5048,nan,0.000000
2,5,13,0,11485901,17605664,7501990767024392320,1361355116.097401,-15804,-6072,2652,nan,0.000000
2,5,13,0,11485901,17605664,7501990767024394941,1361355116.097401,-12720,-1364,1728,nan,0.000000
2,5,13,0,11485901,17605664,7501990767024397562,1361355116.097401,-16280,-6532,4260,nan,0.000000
2,5,13,0,11485901,17605664,7501990767024400183,1361355116.097401,-13676,-8756,3040,nan,0.000000
2,5,13,0,11485901,17605664,7501990767024402804,1361355116.097401,-11812,-7144,3028,nan,0.000000
1,5,14,0,11567190,17605697,-4609806977469621238,1361355116.098005,-12628,-6216,3872,nan,0.000000
1,5,14,0,11567190,17605697,-4609806977469618617,1361355116.098005,-12736,-6292,4916,nan,0.000000
2,5,15,0,11567190,17605729,-4609806977469615996,1361355116.099015,-13648,-8464,5848,nan,0.000000
2,5,15,0,11567190,17605729,-4609806977469613375,1361355116.099015,-14636,-11888,8144,nan,0.000000
2,5,15,0,11567190,17605729,-4609806977469610754,1361355116.099015,-14980,-11344,5892,nan,0.000000
2,5,15,0,11567190,17605729,-4609806977469608133,1361355116.099015,-15576,-6840,3404,nan,0.000000
2,5,15,0,11567190,17605729,-4609806977469605512,1361355116.099015,-11928,-4364,1736,nan,0.000000
2,5,0,0,11567190,17605761,-4609806977469602891,1361355116.099826,-15448,-8800,5472,nan,0.000000
2,5,0,0,11567190,17605761,-4609806977469600270,1361355116.099826,-12828,-4816,1104,nan,0.000000
2,5,0,0,11567190,17605761,-4609806977469597649,1361355116.099826,-13004,-7904,2980,nan,0.000000
2,5,0,0,11567190,17605761,-4609806977469595028,1361355116.099826,-12508,-9244,2952,nan,0.000000
2,5,0,0,11567190,17605761,-4609806977469592407,1361355116.099826,-13144,-8100,3312,nan,0.000000
2,5,1,0,11567190,17605793,-4609806977469589786,1361355116.101050,-16544,-8708,7288,nan,0.000000
2,5,1,0,11567190,17605793,-4609806977469587165,1361355116.101050,-17036,-8296,5324,nan,0.000000
2,5,1,0,11567190,17605793,-4609806977469584544,1361355116.101050,-16812,-6496,3384,nan,0.000000
2,5,1,0,11567190,17605793,-4609806977469581923,1361355116.101050,-13376,-1072,2684,nan,0.000000
2,5,1,0,11567190,17605793,-4609806977469579302,1361355116.101050,-15324,-6596,3820,nan,0.000000
2,5,2,0,11567190,17605825,-4609806977469576681,1361355116.101777,-12756,-8016,3032,nan,0.000000
2,5,2,0,11567190,17605825,-4609806977469574060,1361355116.101777,-12076,-6668,3936,nan,0.000000
2,5,2,0,11567190,17605825,-4609806977469571439,1361355116.101777,-13536,-6936,5300,nan,0.000000
2,5,2,0,11567190,17605825,-4609806977469568818,1361355116.101777,-12152,-6724,4292,nan,0.000000
2,5,2,0,11567190,17605825,-4609806977469566197,1361355116.101777,-13144,-6308,4848,nan,0.000000
2,5,3,0,11567190,17605856,-4609806977469563576,1361355116.103074,-16292,-7936,7448,nan,0.000000
2,5,3,0,11567190,17605856,-4609806977469560955,1361355116.103074,-13528,-12280,5412,nan,0.000000
2,5,3,0,11567190,17605856,-4609806977469558334,1361355116.103074,-17824,-8820,5396,nan,0.000000
2,5,3,0,11567190,17605856,-4609806977469555713,1361355116.103074,-13124,-6576,508,nan,0.000000
2,5,3,0,11567190,17605856,-4609806977469553092,1361355116.103074,-11744,-7228,-1420,nan,0.000000
2,5,4,0,11567190,17605889,-4609806977469550471,1361355116.103562,-15340,-8816,4156,nan,0.000000
2,5,4,0,11567190,17605889,-4609806977469547850,1361355116.103562,-12804,-6672,376,nan,0.000000
2,5,4,0,11567190,17605889,-4609806977469545229,1361355116.103562,-13756,-7088,2904,nan,0.000000
2,5,4,0,11567190,17605889,-4609806977469542608,1361355116.103562,-13148,-8340,1604,nan,0.000000
2,5,4,0,11567190,17605889,-4609806977469539987,1361355116.103562,-13704,-7076,2504,nan,0.000000
1,5,5,0,11648478,17605920,8647457630107548688,1361355116.105053,-16264,-10112,1872,nan,0.000000
1,5,5,0,11648478,17605920,8647457630107551309,1361355116.105053,-16212,-5004,2452,nan,0.000000
2,5,6,0,11648478,17605953,8647457630107553930,1361355116.105418,-13048,-3296,1536,nan,0.000000
2,5,6,0,11648478,17605953,8647457630107556551,1361355116.105418,-15440,-6756,4080,nan,0.000000
2,5,6,0,11648478,17605953,8647457630107559172,1361355116.105418,-12892,-8228,2528,nan,0.000000
2,5,6,0,11648478,17605953,8647457630107561793,1361355116.105418,-12004,-7588,2908,nan,0.000000
2,5,6,0,11648478,17605953,8647457630107564414,1361355116.105418,-13740,-6024,5708,nan,0.000000
2,5,7,0,11648478,17605984,8647457630107567035,1361355116.107034,-12648,-6712,4816,nan,0.000000
2,5,7,0,11648478,17605984,8647457630107569656,1361355116.107034,-13752,-6744,4936,nan,0.000000
2,5,7,0,11648478,17605984,8647457630107572277,1361355116.107034,-16000,-10608,6584,nan,0.000000
2,5,7,0,11648478,17605984,8647457630107574898,1361355116.107034,-14584,-11188,4768,nan,0.000000
2,5,7,0,11648478,17605984,8647457630107577519,1361355116.107034,-17004,-8080,4276,nan,0.000000
2,5,8,0,11648478,17606017,8647457630107580140,1361355116.107480,-12240,-7672,-2364,nan,0.000000
2,5,8,0,11648478,17606017,8647457630107582761,1361355116.107480,-14936,-8444,2080,nan,0.000000
2,5,8,0,11648478,17606017,8647457630107585382,1361355116.107480,-12496,-4832,2412,nan,0.000000
2,5,8,0,11648478,17606017,8647457630107588003,1361355116.107480,-13800,-5200,1252,nan,0.000000
2,5,8,0,11648478,17606017,8647457630107590624,1361355116.107480,-13544,-9664,3088,nan,0.000000
2,5,9,0,11648478,17606048,8647457630107593245,1361355116.109050,-12500,-7996,1764,nan,0.000000
2,5,9,0,11648478,17606048,8647457630107595866,1361355116.109050,-14308,-7896,4260,nan,0.000000
2,5,9,0,11648478,17606048,8647457630107598487,1361355116.109050,-16904,-9328,6292,nan,0.000000
2,5,9,0,11648478,17606048,8647457630107601108,1361355116.109050,-17200,-9244,2084,nan,0.000000
2,5,9,0,11648478,17606048,8647457630107603729,1361355116.109050,-15464,-2704,2268,nan,0.000000
2,5,10,0,11648478,17606081,8647457630107606350,1361355116.109749,-14876,-3756,1796,nan,0.000000
2,5,10,0,11648478,17606081,8647457630107608971,1361355116.109749,-14848,-7712,1604,nan,0.000000
2,5,10,0,11648478,17606081,8647457630107611592,1361355116.109749,-12232,-6892,1696,nan,0.000000
2,5,10,0,11648478,17606081,8647457630107614213,1361355116.109749,-12408,-7108,3800,nan,0.000000
2,5,10,0,11648478,17606081,8647457630107616834,1361355116.109749,-13164,-6304,5060,nan,0.000000
2,5,11,0,11648478,17606112,8647457630107619455,1361355116.111011,-13020,-6872,4728,nan,0.000000
2,5,11,0,11648478,17606112,8647457630107622076,1361355116.111011,-15236,-8728,6708,nan,0.000000
2,5,11,0,11648478,17606112,8647457630107624697,1361355116.111011,-12824,-12412,6712,nan,0.000000
2,5,11,0,11648478,17606112,8647457630107627318,1361355116.111011,-16436,-8900,5980,nan,0.000000
2,5,11,0,11648478,17606112,8647457630107629939,1361355116.111011,-13668,-6596,2880,nan,0.000000
1,5,12,0,11729765,17606145,3754569277345396754,1361355116.111607,-14340,-6560,5128,nan,0.000000
1,5,12,0,11729765,17606145,3754569277345399375,1361355116.111607,-12924,-6232,2080,nan,0.000000
2,5,13,0,11729765,17606176,3754569277345401996,1361355116.113108,-12940,-7628,3108,nan,0.000000
2,5,13,0,11729765,17606176,3754569277345404617,1361355116.113108,-12744,-8056,3212,nan,0.000000
2,5,13,0,11729765,17606176,3754569277345407238,1361355116.113108,-13180,-8176,3652,nan,0.000000
2,5,13,0,11729765,17606176,3754569277345409859,1361355116.113108,-14540,-8944,5764,nan,0.000000
2,5,13,0,11729765,17606176,3754569277345412480,1361355116.113108,-15832,-9204,5372,nan,0.000000
2,5,14,0,11729765,17606209,3754569277345415101,1361355116.113514,-17992,-7708,3136,nan,0.000000
2,5,14,0,11729765,17606209,3754569277345417722,1361355116.113514,-14212,-1192,1308,nan,0.000000
2,5,14,0,11729765,17606209,3754569277345420343,1361355116.113514,-16000,-6012,2516,nan,0.000000
2,5,14,0,11729765,17606209,3754569277345422964,1361355116.113514,-14216,-7784,2360,nan,0.000000
2,5,14,0,11729765,17606209,3754569277345425585,1361355116.113514,-11224,-6292,2928,nan,0.000000
2,5,15,0,11729765,17606240,3754569277345428206,1361355116.115260,-12192,-6788,5260,nan,0.000000
2,5,15,0,11729765,17606240,3754569277345430827,1361355116.115260,-12456,-7376,5720,nan,0.000000
2,5,15,0,11729765,17606240,3754569277345433448,1361355116.115260,-12816,-7148,5200,nan,0.000000
2,5,15,0,11729765,17606240,3754569277345436069,1361355116.115260,-16056,-9444,8400,nan,0.000000
2,5,15,0,11729765,17606240,3754569277345438690,1361355116.115260,-13456,-12800,5372,nan,0.000000
2,5,0,0,11729765,17606273,3754569277345441311,1361355116.115706,-16872,-8472,4592,nan,0.000000
2,5,0,0,11729765,17606273,3754569277345443932,1361355116.115706,-11784,-6512,2028,nan,0.000000
2,5,0,0,11729765,17606273,3754569277345446553,1361355116.115706,-15240,-8408,3096,nan,0.000000
2,5,0,0,11729765,17606273,3754569277345449174,1361355116.115706,-12772,-5408,4184,nan,0.000000
2,5,0,0,11729765,17606273,3754569277345451795,1361355116.115706,-12692,-7480,1676,nan,0.000000
2,5,1,0,11729765,17606304,3754569277345454416,1361355116.117151,-13160,-8036,3524,nan,0.000000
2,5,1,0,11729765,17606304,3754569277345457037,1361355116.117151,-13004,-8800,3420,nan,0.000000
2,5,1,0,11729765,17606304,3754569277345459658,1361355116.117151,-13140,-8460,3664,nan,0.000000
2,5,1,0,11729765,17606304,3754569277345462279,1361355116.117151,-16632,-8436,7228,nan,0.000000
2,5,1,0,11729765,17606304,3754569277345464900,1361355116.117151,-15972,-9512,1672,nan,0.000000
2,5,2,0,11729765,17606337,3754569277345467521,1361355116.117518,-16460,-4380,2556,nan,0.000000
2,5,2,0,11729765,17606337,3754569277345470142,1361355116.117518,-13708,-1844,1292,nan,0.000000
2,5,2,0,11729765,17606337,3754569277345472763,1361355116.117518,-16116,-6388,2464,nan,0.000000
2,5,2,0,11729765,17606337,3754569277345475384,1361355116.117518,-12992,-7120,1332,nan,0.000000
2,5,2,0,11729765,17606337,3754569277345478005,1361355116.117518,-13036,-6788,3908,nan,0.000000
1,5,3,0,11811052,17606368,866323870822104073,1361355116.119297,-12680,-6760,4476,nan,0.000000
1,5,3,0,11811052,17606368,866323870822106694,1361355116.119297,-13892,-6288,4796,nan,0.000000
2,5,4,0,11811052,17606401,866323870822109315,1361355116.119605,-14760,-9744,6948,nan,0.000000
2,5,4,0,11811052,17606401,866323870822111936,1361355116.119605,-11888,-11340,5408,nan,0.000000
2,5,4,0,11811052,17606401,866323870822114557,1361355116.119605,-16536,-8544,7156,nan,0.000000
2,5,4,0,11811052,17606401,866323870822117178,1361355116.119605,-13392,-7264,3528,nan,0.000000
2,5,4,0,11811052,17606401,866323870822119799,1361355116.119605,-12208,-7940,2220,nan,0.000000
2,5,5,0,11811052,17606432,866323870822122420,1361355116.121271,-15864,-7292,5000,nan,0.000000
2,5,5,0,11811052,17606432,866323870822125041,1361355116.121271,-12944,-5756,3100,nan,0.000000
2,5,5,0,11811052,17606432,866323870822127662,1361355116.121271,-12928,-7968,2564,nan,0.000000
2,5,5,0,11811052,17606432,866323870822130283,1361355116.121271,-13068,-8164,3836,nan,0.000000
2,5,5,0,11811052,17606432,866323870822132904,1361355116.121271,-13668,-7920,3832,nan,0.000000
2,5,6,0,11811052,17606465,866323870822135525,1361355116.121716,-13680,-8788,5636,nan,0.000000
2,5,6,0,11811052,17606465,866323870822138146,1361355116.121716,-14080,-9796,5760,nan,0.000000
2,5,6,0,11811052,17606465,866323870822140767,1361355116.121716,-16104,-9280,4324,nan,0.000000
2,5,6,0,11811052,17606465,866323870822143388,1361355116.121716,-15512,-6052,3104,nan,0.000000
2,5,6,0,11811052,17606465,866323870822146009,1361355116.121716,-12992,-2216,2124,nan,0.000000
2,5,7,0,11811052,17606496,866323870822148630,1361355116.123265,-16064,-6976,4520,nan,0.000000
2,5,7,0,11811052,17606496,866323870822151251,1361355116.123265,-13076,-8428,2312,nan,0.000000
2,5,7,0,11811052,17606496,866323870822153872,1361355116.123265,-13324,-6868,4204,nan,0.000000
2,5,7,0,11811052,17606496,866323870822156493,1361355116.123265,-13724,-6648,5812,nan,0.000000
2,5,7,0,11811052,17606496,866323870822159114,1361355116.123265,-12684,-7316,4076,nan,0.000000
2,5,8,0,11811052,17606529,866323870822161735,1361355116.127378,-13576,-6656,5084,nan,0.000000
2,5,8,0,11811052,17606529,866323870822164356,1361355116.127378,-14068,-7928,5568,nan,0.000000
2,5,8,0,11811052,17606529,866323870822166977,1361355116.127378,-12636,-10356,5412,nan,0.000000
2,5,8,0,11811052,17606529,866323870822169598,1361355116.127378,-15340,-9836,6652,nan,0.000000
2,5,8,0,11811052,17606529,866323870822172219,1361355116.127378,-16432,-7560,4548,nan,0.000000
2,5,9,0,11811052,17606560,866323870822174840,1361355118.557353,-9812,-5668,2792,nan,0.000000
2,5,9,0,11811052,17606560,866323870822177461,1361355118.557353,-17008,-8764,3228,nan,0.000000
2,5,9,0,11811052,17606560,866323870822180082,1361355118.557353,-12876,-6648,3740,nan,0.000000
2,5,9,0,11811052,17606560,866323870822182703,1361355118.557353,-13500,-7084,3336,nan,0.000000
2,5,9,0,11811052,17606560,866323870822185324,1361355118.557353,-13348,-8172,2672,nan,0.000000
1,5,10,0,11892337,17686314,-7202165248177084406,1361355118.559002,-13332,-8244,4024,nan,0.000000
1,5,10,0,11892337,17686314,-7202165248177081785,1361355118.559002,-13960,-8584,5140,nan,0.000000
2,5,11,0,11892337,17686346,-7202165248177079164,1361355118.559595,-14060,-8904,5720,nan,0.000000
2,5,11,0,11892337,17686346,-7202165248177076543,1361355118.559595,-15148,-9316,4436,nan,0.000000
2,5,11,0,11892337,17686346,-7202165248177073922,1361355118.559595,-14948,-7524,4736,nan,0.000000
2,5,11,0,11892337,17686346,-7202165248177071301,1361355118.559595,-13124,-4676,2696,nan,0.000000
2,5,11,0,11892337,17686346,-7202165248177068680,1361355118.559595,-14528,-4616,4824,nan,0.000000
2,5,12,0,11892337,17686378,-7202165248177066059,1361355118.561002,-14208,-9564,4320,nan,0.000000
2,5,12,0,11892337,17686378,-7202165248177063438,1361355118.561002,-11940,-7464,3936,nan,0.000000
2,5,12,0,11892337,17686378,-7202165248177060817,1361355118.561002,-13100,-7424,6364,nan,0.000000
2,5,12,0,11892337,17686378,-7202165248177058196,1361355118.561002,-12136,-7736,4888,nan,0.000000
2,5,12,0,11892337,17686378,-7202165248177055575,1361355118.561002,-12948,-7880,5080,nan,0.000000
2,5,13,0,11892337,17686410,-7202165248177052954,1361355118.562034,-13668,-7356,6036,nan,0.000000
2,5,13,0,11892337,17686410,-7202165248177050333,1361355118.562034,-13128,-9004,6784,nan,0.000000
2,5,13,0,11892337,17686410,-7202165248177047712,1361355118.562034,-13380,-10560,6140,nan,0.000000
2,5,13,0,11892337,17686410,-7202165248177045091,1361355118.562034,-15860,-9136,6656,nan,0.000000
2,5,13,0,11892337,17686410,-7202165248177042470,1361355118.562034,-11732,-8460,3276,nan,0.000000
2,5,14,0,11892337,17686442,-7202165248177039849,1361355118.563004,-12568,-8472,2064,nan,0.000000
2,5,14,0,11892337,17686442,-7202165248177037228,1361355118.563004,-13996,-8340,5264,nan,0.000000
2,5,14,0,11892337,17686442,-7202165248177034607,1361355118.563004,-11444,-8512,2496,nan,0.000000
2,5,14,0,11892337,17686442,-7202165248177031986,1361355118.563004,-12264,-8224,2228,nan,0.000000
2,5,14,0,11892337,17686442,-7202165248177029365,1361355118.563004,-13068,-8576,3812,nan,0.000000
2,5,15,0,11892337,17686474,-7202165248177026744,1361355118.563992,-13280,-9268,3812,nan,0.000000
2,5,15,0,11892337,17686474,-7202165248177024123,1361355118.563992,-17872,-10232,8028,nan,0.000000
2,5,15,0,11892337,17686474,-7202165248177021502,1361355118.563992,-17064,-10128,2916,nan,0.000000
2,5,15,0,11892337,17686474,-7202165248177018881,1361355118.563992,-13832,-2288,1260,nan,0.000000
2,5,15,0,11892337,17686474,-7202165248177016260,1361355118.563992,-16096,-4880,5156,nan,0.000000
2,5,0,0,11892337,17686506,-7202165248177013639,1361355121.039272,-12056,-11432,3224,nan,0.000000
2,5,0,0,11892337,17686506,-7202165248177011018,1361355121.039272,-10372,-5728,1788,nan,0.000000
2,5,0,0,11892337,17686506,-7202165248177008397,1361355121.039272,-12740,-5520,6412,nan,0.000000
2,5,0,0,11892337,17686506,-7202165248177005776,1361355121.039272,-11504,-5924,4156,nan,0.000000
2,5,0,0,11892337,17686506,-7202165248177003155,1361355121.039272,-14700,-7648,6816,nan,0.000000
1,5,1,0,11973622,17767604,-286364601609119732,1361355121.040460,-14984,-12844,3584,nan,0.000000
1,5,1,0,11973622,17767604,-286364601609117111,1361355121.040460,-13280,-5240,2236,nan,0.000000
2,5,2,0,11973622,17767636,-286364601609114490,1361355121.041101,-16900,-11084,2276,nan,0.000000
2,5,2,0,11973622,17767636,-286364601609111869,1361355121.041101,-13464,-5904,3764,nan,0.000000
2,5,2,0,11973622,17767636,-286364601609109248,1361355121.041101,-10164,-4440,-228,nan,0.000000
2,5,2,0,11973622,17767636,-286364601609106627,1361355121.041101,-9964,-6176,1152,nan,0.000000
2,5,2,0,11973622,17767636,-286364601609104006,1361355121.041101,-13588,-7228,2808,nan,0.000000
2,5,3,0,11973622,17767668,-286364601609101385,1361355121.041951,-21472,-12048,7484,nan,0.000000
2,5,3,0,11973622,17767668,-286364601609098764,1361355121.041951,-19436,-7780,2332,nan,0.000000
2,5,3,0,11973622,17767668,-286364601609096143,1361355121.041951,-14044,256,516,nan,0.000000
2,5,3,0,11973622,17767668,-286364601609093522,1361355121.041951,-19908,-5840,4016,nan,0.000000
2,5,3,0,11973622,17767668,-286364601609090901,1361355121.041951,-9244,-10248,1172,nan,0.000000
2,5,4,0,11973622,17767700,-286364601609088280,1361355121.042666,-9036,-2584,1484,nan,0.000000
2,5,4,0,11973622,17767700,-286364601609085659,1361355121.042666,-11984,-3968,5744,nan,0.000000
2,5,4,0,11973622,17767700,-286364601609083038,1361355121.042666,-12684,-7020,6180,nan,0.000000
2,5,4,0,11973622,17767700,-286364601609080417,1361355121.042666,-18680,-12108,10032,nan,0.000000
2,5,4,0,11973622,17767700,-286364601609077796,1361355121.042666,-13588,-16524,6620,nan,0.000000
2,5,5,0,11973622,17767731,-286364601609075175,1361355121.043614,-15052,-5032,2096,nan,0.000000
2,5,5,0,11973622,17767731,-286364601609072554,1361355121.043614,-19172,-11044,5460,nan,0.000000
2,5,5,0,11973622,17767731,-286364601609069933,1361355121.043614,-9612,-5372,3408,nan,0.000000
2,5,5,0,11973622,17767731,-286364601609067312,1361355121.043614,-7608,-96,204,nan,0.000000
2,5,5,0,11973622,17767731,-286364601609064691,1361355121.043614,-10848,-6044,2624,nan,0.000000
2,5,6,0,11973622,17767764,-286364601609062070,1361355121.044455,-14280,-12652,3724,nan,0.000000
2,5,6,0,11973622,17767764,-286364601609059449,1361355121.044455,-25128,-11148,10692,nan,0.000000
2,5,6,0,11973622,17767764,-286364601609056828,1361355121.044455,-16776,-4636,-2464,nan,0.000000
2,5,6,0,11973622,17767764,-286364601609054207,1361355121.044455,-22196,5556,5088,nan,0.000000
2,5,6,0,11973622,17767764,-286364601609051586,1361355121.044455,-13320,-11864,3968,nan,0.000000
2,5,7,0,11973622,17767795,-286364601609048965,1361355123.533165,-6444,-3720,-1388,nan,0.000000
2,5,7,0,11973622,17767795,-286364601609046344,1361355123.533165,-7952,-1132,3832,nan,0.000000
2,5,7,0,11973622,17767795,-286364601609043723,1361355123.533165,-13848,-8248,7788,nan,0.000000
2,5,7,0,11973622,17767795,-286364601609041102,1361355123.533165,-18860,-13148,9148,nan,0.000000
2,5,7,0,11973622,17767795,-286364601609038481,1361355123.533165,-14092,-15260,4764,nan,0.000000
1,5,8,0,12054906,17849325,-572356292830522118,1361355123.534238,-19320,-12160,6604,nan,0.000000
1,5,8,0,12054906,17849325,-572356292830519497,1361355123.534238,-9240,-1604,296,nan,0.000000
2,5,9,0,12054906,17849357,-572356292830516876,1361355123.534848,-5744,392,1684,nan,0.000000
2,5,9,0,12054906,17849357,-572356292830514255,1361355123.534848,-11876,-10924,1424,nan,0.000000
2,5,9,0,12054906,17849357,-572356292830511634,1361355123.534848,-18584,-10232,5632,nan,0.000000
2,5,9,0,12054906,17849357,-572356292830509013,1361355123.534848,-23236,-8708,5920,nan,0.000000
2,5,9,0,12054906,17849357,-572356292830506392,1361355123.534848,-18360,3488,628,nan,0.000000
2,5,10,0,12054906,17849389,-572356292830503771,1361355123.536905,-20228,-4468,4244,nan,0.000000
2,5,10,0,12054906,17849389,-572356292830501150,1361355123.536905,-8500,-10436,2540,nan,0.000000
2,5,10,0,12054906,17849389,-572356292830498529,1361355123.536905,-5340,412,-968,nan,0.000000
2,5,10,0,12054906,17849389,-572356292830495908,1361355123.536905,-11756,-3760,6712,nan,0.000000
2,5,10,0,12054906,17849389,-572356292830493287,1361355123.536905,-16272,-11120,7820,nan,0.000000
2,5,11,0,12054906,17849456,-572356292830490666,1361355123.537991,-17744,-14072,9560,nan,0.000000
2,5,11,0,12054906,17849456,-572356292830488045,1361355123.537991,-15796,-8860,48,nan,0.000000
2,5,11,0,12054906,17849456,-572356292830485424,1361355123.537991,-22940,-6636,4788,nan,0.000000
2,5,11,0,12054906,17849456,-572356292830482803,1361355123.537991,-12368,-6548,3016,nan,0.000000
2,5,11,0,12054906,17849456,-572356292830480182,1361355123.537991,-6688,516,140,nan,0.000000
2,5,12,0,12054906,17849488,-572356292830477561,1361355123.538914,-7836,-4292,3004,nan,0.000000
2,5,12,0,12054906,17849488,-572356292830474940,1361355123.538914,-14628,-13864,3536,nan,0.000000
2,5,12,0,12054906,17849488,-572356292830472319,1361355123.538914,-24064,-11884,11232,nan,0.000000
2,5,12,0,12054906,17849488,-572356292830469698,1361355123.538914,-15404,-5024,-2492,nan,0.000000
2,5,12,0,12054906,17849488,-572356292830467077,1361355123.538914,-22776,5468,6372,nan,0.000000
2,5,13,0,12054906,17849520,-572356292830464456,1361355123.539670,-12572,-14928,4020,nan,0.000000
2,5,13,0,12054906,17849520,-572356292830461835,1361355123.539670,-5948,-2976,-104,nan,0.000000
2,5,13,0,12054906,17849520,-572356292830459214,1361355123.539670,-9528,-768,5472,nan,0.000000
2,5,13,0,12054906,17849520,-572356292830456593,1361355123.539670,-13380,-7716,6732,nan,0.000000
2,5,13,0,12054906,17849520,-572356292830453972,1361355123.539670,-18252,-13792,10584,nan,0.000000
2,5,14,0,12054906,17849552,-572356292830451351,1361355125.999189,-11896,-15336,5852,nan,0.000000
2,5,14,0,12054906,17849552,-572356292830448730,1361355125.999189,-21844,-2352,3472,nan,0.000000
2,5,14,0,12054906,17849552,-572356292830446109,1361355125.999189,-15536,-10036,6372,nan,0.000000
2,5,14,0,12054906,17849552,-572356292830443488,1361355125.999189,-8884,-5244,4272,nan,0.000000
2,5,14,0,12054906,17849552,-572356292830440867,1361355125.999189,-8672,40,1372,nan,0.000000
1,5,15,0,12136190,17930181,-8066561599673279466,1361355126.000837,-14352,-12772,5792,nan,0.000000
1,5,15,1,12136190,17930181,-8066561599673276845,1361355126.000837,-24440,-9440,9508,nan,0.000000
2,5,0,1,12136190,17930213,-8066561599673274224,1361355126.001540,-14348,-2432,-412,nan,0.000000
2,5,0,1,12136190,17930213,-8066561599673271603,1361355126.001540,-21720,2352,5844,nan,0.000000
2,5,0,1,12136190,17930213,-8066561599673268982,1361355126.001540,-11500,-12820,2400,nan,0.000000
2,5,0,1,12136190,17930213,-8066561599673266361,1361355126.001540,-6768,-1980,812,nan,0.000000
2,5,0,1,12136190,17930213,-8066561599673263740,1361355126.001540,-10796,-3292,5788,nan,0.000000
2,5,1,1,12136190,17930245,-8066561599673261119,1361355126.002876,-14576,-9364,5884,nan,0.000000
2,5,1,1,12136190,17930245,-8066561599673258498,1361355126.002876,-18244,-12824,10240,nan,0.000000
2,5,1,1,12136190,17930245,-8066561599673255877,1361355126.002876,-14764,-12652,800,nan,0.000000
2,5,1,1,12136190,17930245,-8066561599673253256,1361355126.002876,-22636,-2604,1348,nan,0.000000
2,5,1,1,12136190,17930245,-8066561599673250635,1361355126.002876,-14664,-8972,4780,nan,0.000000
2,5,2,1,12136190,17930277,-8066561599673248014,1361355126.003719,-8876,-792,436,nan,0.000000
2,5,2,1,12136190,17930277,-8066561599673245393,1361355126.003719,-8928,-3152,1252,nan,0.000000
2,5,2,1,12136190,17930277,-8066561599673242772,1361355126.003719,-11560,-11276,3380,nan,0.000000
2,5,2,1,12136190,17930277,-8066561599673240151,1361355126.003719,-20368,-12172,7616,nan,0.000000
2,5,2,1,12136190,17930277,-8066561599673237530,1361355126.003719,-19924,-7992,3588,nan,0.000000
2,5,3,1,12136190,17930308,-8066561599673234909,1361355126.004807,-17864,2352,1816,nan,0.000000
2,5,3,1,12136190,17930308,-8066561599673232288,1361355126.004807,-18896,-6636,3908,nan,0.000000
2,5,3,1,12136190,17930308,-8066561599673229667,1361355126.004807,-7604,-9664,740,nan,0.000000
2,5,3,1,12136190,17930308,-8066561599673227046,1361355126.004807,-7280,-808,1384,nan,0.000000
2,5,3,1,12136190,17930308,-8066561599673224425,1361355126.004807,-13968,-4816,6628,nan,0.000000
2,5,4,1,12136190,17930341,-8066561599673221804,1361355126.005866,-16516,-10988,5516,nan,0.000000
2,5,4,1,12136190,17930341,-8066561599673219183,1361355126.005866,-15772,-14048,6408,nan,0.000000
2,5,4,1,12136190,17930341,-8066561599673216562,1361355126.005866,-16508,-9260,-1148,nan,0.000000
2,5,4,1,12136190,17930341,-8066561599673213941,1361355126.005866,-21932,-7312,2688,nan,0.000000
2,5,4,1,12136190,17930341,-8066561599673211320,1361355126.005866,-12280,-5360,3652,nan,0.000000
1,5,6,0,12217474,18417908,-8357030659610736385,1361355140.884879,-13904,-13028,4560,nan,0.000000
1,5,6,0,12217474,18417908,-8357030659610733764,1361355140.884879,-6664,-5268,-1904,nan,0.000000
2,5,7,0,12217474,18417940,-8357030659610731143,1361355140.886529,-12664,-2468,3420,nan,0.000000
2,5,7,0,12217474,18417940,-8357030659610728522,1361355140.886529,-12928,-6320,6056,nan,0.000000
2,5,7,0,12217474,18417940,-8357030659610725901,1361355140.886529,-17248,-10400,6780,nan,0.000000
2,5,7,0,12217474,18417940,-8357030659610723280,1361355140.886529,-15760,-13804,6436,nan,0.000000
2,5,7,0,12217474,18417940,-8357030659610720659,1361355140.886529,-15960,-9376,-1224,nan,0.000000
2,5,8,0,12217474,18417972,-8357030659610718038,1361355140.887379,-18544,-8128,2192,nan,0.000000
2,5,8,0,12217474,18417972,-8357030659610715417,1361355140.887379,-13128,-4432,3316,nan,0.000000
2,5,8,0,12217474,18417972,-8357030659610712796,1361355140.887379,-9932,-2692,780,nan,0.000000
2,5,8,0,12217474,18417972,-8357030659610710175,1361355140.887379,-9076,-7608,2024,nan,0.000000
2,5,8,0,12217474,18417972,-8357030659610707554,1361355140.887379,-14452,-10640,3744,nan,0.000000
2,5,9,0,12217474,18418004,-8357030659610704933,1361355140.888531,-21588,-9900,8276,nan,0.000000
2,5,9,0,12217474,18418004,-8357030659610702312,1361355140.888531,-15564,-5612,-164,nan,0.000000
2,5,9,0,12217474,18418004,-8357030659610699691,1361355140.888531,-19700,404,3552,nan,0.000000
2,5,9,0,12217474,18418004,-8357030659610697070,1361355140.888531,-13632,-13216,3180,nan,0.000000
2,5,9,0,12217474,18418004,-8357030659610694449,1361355140.888531,-10136,-5868,48,nan,0.000000
2,5,10,0,12217474,18418036,-8357030659610691828,1361355140.889279,-11464,-5048,4044,nan,0.000000
2,5,10,0,12217474,18418036,-8357030659610689207,1361355140.889279,-11600,-5876,2484,nan,0.000000
2,5,10,0,12217474,18418036,-8357030659610686586,1361355140.889279,-17872,-8352,7040,nan,0.000000
2,5,10,0,12217474,18418036,-8357030659610683965,1361355140.889279,-15180,-12716,4932,nan,0.000000
2,5,10,0,12217474,18418036,-8357030659610681344,1361355140.889279,-14432,-9688,-3252,nan,0.000000
2,5,11,0,12217474,18418068,-8357030659610678723,1361355140.890462,-19292,-7864,2804,nan,0.000000
2,5,11,0,12217474,18418068,-8357030659610676102,1361355140.890462,-13568,-4940,2608,nan,0.000000
2,5,11,0,12217474,18418068,-8357030659610673481,1361355140.890462,-9956,-5816,-1008,nan,0.000000
2,5,11,0,12217474,18418068,-8357030659610670860,1361355140.890462,-11556,-6660,1588,nan,0.000000
2,5,11,0,12217474,18418068,-8357030659610668239,1361355140.890462,-15532,-9440,3592,nan,0.000000
2,5,12,0,12217474,18418100,-8357030659610665618,1361355140.891495,-19412,-10264,6908,nan,0.000000
2,5,12,0,12217474,18418100,-8357030659610662997,1361355140.891495,-16408,-9248,1008,nan,0.000000
2,5,12,0,12217474,18418100,-8357030659610660376,1361355140.891495,-14552,1088,1140,nan,0.000000
2,5,12,0,12217474,18418100,-8357030659610657755,1361355140.891495,-18508,-7692,6188,nan,0.000000
2,5,12,0,12217474,18418100,-8357030659610655134,1361355140.891495,-9648,-10620,1436,nan,0.000000
1,5,13,0,12298758,18418132,-1151829844569359334,1361355140.892532,-12604,-4832,3872,nan,0.000000
1,5,13,15,12298758,18418132,-1151829844569356713,1361355140.892532,-12640,-5092,5576,nan,0.000000
2,5,14,15,12298758,18418164,-1151829844569354092,1361355140.893123,-16716,-6864,6388,nan,0.000000
2,5,14,15,12298758,18418164,-1151829844569351471,1361355140.893123,-16400,-15792,6808,nan,0.000000
2,5,14,15,12298758,18418164,-1151829844569348850,1361355140.893123,-16448,-9004,2080,nan,0.000000
2,5,14,15,12298758,18418164,-1151829844569346229,1361355140.893123,-14552,-4776,1924,nan,0.000000
2,5,14,15,12298758,18418164,-1151829844569343608,1361355140.893123,-14592,-8948,3708,nan,0.000000
2,5,15,15,12298758,18418196,-1151829844569340987,1361355140.894485,-10892,-2452,1752,nan,0.000000
2,5,15,15,12298758,18418196,-1151829844569338366,1361355140.894485,-12200,-6236,2232,nan,0.000000
2,5,15,15,12298758,18418196,-1151829844569335745,1361355140.894485,-11616,-8540,3656,nan,0.000000
2,5,15,15,12298758,18418196,-1151829844569333124,1361355140.894485,-13832,-9544,3920,nan,0.000000
2,5,15,15,12298758,18418196,-1151829844569330503,1361355140.894485,-20752,-11076,8932,nan,0.000000
2,5,0,15,12298758,18418228,-1151829844569327882,1361355140.895308,-15488,-7640,-364,nan,0.000000
2,5,0,15,12298758,18418228,-1151829844569325261,1361355140.895308,-19128,3792,4048,nan,0.000000
2,5,0,15,12298758,18418228,-1151829844569322640,1361355140.895308,-15940,-8436,3612,nan,0.000000
2,5,0,15,12298758,18418228,-1151829844569320019,1361355140.895308,-10196,-8644,1376,nan,0.000000
2,5,0,15,12298758,18418228,-1151829844569317398,1361355140.895308,-10324,-2964,2864,nan,0.000000
2,5,1,15,12298758,18418260,-1151829844569314777,1361355140.896758,-11304,-6436,7288,nan,0.000000
2,5,1,15,12298758,18418260,-1151829844569312156,1361355140.896758,-13052,-9596,5616,nan,0.000000
2,5,1,15,12298758,18418260,-1151829844569309535,1361355140.896758,-16720,-11352,11164,nan,0.000000
2,5,1,15,12298758,18418260,-1151829844569306914,1361355140.896758,-15564,-13168,4500,nan,0.000000
2,5,1,15,12298758,18418260,-1151829844569304293,1361355140.896758,-15296,-3152,3320,nan,0.000000
2,5,2,15,12298758,18418292,-1151829844569301672,1361355140.897363,-15572,-12040,4056,nan,0.000000
2,5,2,15,12298758,18418292,-1151829844569299051,1361355140.897363,-11220,-3988,3460,nan,0.000000
2,5,2,15,12298758,18418292,-1151829844569296430,1361355140.897363,-11532,-2488,1980,nan,0.000000
2,5,2,15,12298758,18418292,-1151829844569293809,1361355140.897363,-11140,-8676,3832,nan,0.000000
2,5,2,15,12298758,18418292,-1151829844569291188,1361355140.897363,-11300,-9692,2636,nan,0.000000
2,5,3,15,12298758,18418324,-1151829844569288567,1361355140.898691,-23008,-8392,10788,nan,0.000000
2,5,3,15,12298758,18418324,-1151829844569285946,1361355140.898691,-16856,-7044,-780,nan,0.000000
2,5,3,15,12298758,18418324,-1151829844569283325,1361355140.898691,-17540,3136,3912,nan,0.000000
2,5,3,15,12298758,18418324,-1151829844569280704,1361355140.898691,-17096,-8816,3088,nan,0.000000
2,5,3,15,12298758,18418324,-1151829844569278083,1361355140.898691,-10140,-6976,772,nan,0.000000
1,5,4,0,12380042,18418356,-793622114946112470,1361355140.899259,-10160,-4588,4592,nan,0.000000
1,5,4,0,12380042,18418356,-793622114946109849,1361355140.899259,-15872,-9016,5932,nan,0.000000
2,5,5,0,12380042,18418388,-793622114946107228,1361355140.900625,-17684,-12536,9632,nan,0.000000
2,5,5,0,12380042,18418388,-793622114946104607,1361355140.900625,-14976,-13448,2132,nan,0.000000
2,5,5,0,12380042,18418388,-793622114946101986,1361355140.900625,-15840,-2968,3328,nan,0.000000
2,5,5,0,12380042,18418388,-793622114946099365,1361355140.900625,-16036,-11308,3308,nan,0.000000
2,5,5,0,12380042,18418388,-793622114946096744,1361355140.900625,-10660,-2796,2888,nan,0.000000
2,5,6,0,12380042,18418420,-793622114946094123,1361355140.901031,-10344,-3960,232,nan,0.000000
2,5,6,0,12380042,18418420,-793622114946091502,1361355140.901031,-11352,-9872,2556,nan,0.000000
2,5,6,0,12380042,18418420,-793622114946088881,1361355140.901031,-14612,-10516,3996,nan,0.000000
2,5,6,0,12380042,18418420,-793622114946086260,1361355140.901031,-21848,-8896,7228,nan,0.000000
2,5,6,0,12380042,18418420,-793622114946083639,1361355140.901031,-16704,-5584,-992,nan,0.000000
2,5,7,0,12380042,18418452,-793622114946081018,1361355140.902727,-17952,2968,3856,nan,0.000000
2,5,7,0,12380042,18418452,-793622114946078397,1361355140.902727,-15576,-10116,1980,nan,0.000000
2,5,7,0,12380042,18418452,-793622114946075776,1361355140.902727,-9468,-5212,348,nan,0.000000
2,5,7,0,12380042,18418452,-793622114946073155,1361355140.902727,-9836,-3500,2844,nan,0.000000
2,5,7,0,12380042,18418452,-793622114946070534,1361355140.902727,-13300,-5572,5648,nan,0.000000
2,5,8,0,12380042,18418484,-793622114946067913,1361355140.903227,-18040,-8256,6100,nan,0.000000
2,5,8,0,12380042,18418484,-793622114946065292,1361355140.903227,-15476,-13332,8020,nan,0.000000
2,5,8,0,12380042,18418484,-793622114946062671,1361355140.903227,-16620,-8884,824,nan,0.000000
2,5,8,0,12380042,18418484,-793622114946060050,1361355140.903227,-18292,-3640,1308,nan,0.000000
2,5,8,0,12380042,18418484,-793622114946057429,1361355140.903227,-12756,-10028,4464,nan,0.000000
2,5,9,0,12380042,18418516,-793622114946054808,1361355140.904723,-10844,-2280,372,nan,0.000000
2,5,9,0,12380042,18418516,-793622114946052187,1361355140.904723,-10864,-4828,1308,nan,0.000000
2,5,9,0,12380042,18418516,-793622114946049566,1361355140.904723,-11592,-9728,1668,nan,0.000000
2,5,9,0,12380042,18418516,-793622114946046945,1361355140.904723,-20748,-10600,5332,nan,0.000000
2,5,9,0,12380042,18418516,-793622114946044324,1361355140.904723,-20488,-6548,3552,nan,0.000000
2,5,10,0,12380042,18418548,-793622114946041703,1361355140.905245,-14728,-392,-128,nan,0.000000
2,5,10,0,12380042,18418548,-793622114946039082,1361355140.905245,-19740,-2712,1824,nan,0.000000
2,5,10,0,12380042,18418548,-793622114946036461,1361355140.905245,-10948,-10804,520,nan,0.000000
2,5,10,0,12380042,18418548,-793622114946033840,1361355140.905245,-8832,-2628,888,nan,0.000000
2,5,10,0,12380042,18418548,-793622114946031219,1361355140.905245,-12116,-4332,4964,nan,0.000000
1,5,11,0,12461326,18418580,2307928739363848447,1361355140.906574,-19876,-10540,8608,nan,0.000000
1,5,11,0,12461326,18418580,2307928739363851068,1361355140.906574,-15408,-13912,2144,nan,0.000000
2,5,12,0,12461326,18418612,2307928739363853689,1361355140.906917,-16296,-4380,1336,nan,0.000000
2,5,12,0,12461326,18418612,2307928739363856310,1361355140.906917,-16444,-10196,2628,nan,0.000000
2,5,12,0,12461326,18418612,2307928739363858931,1361355140.906917,-10480,-3296,2240,nan,0.000000
2,5,12,0,12461326,18418612,2307928739363861552,1361355140.906917,-10260,-4024,1320,nan,0.000000
2,5,12,0,12461326,18418612,2307928739363864173,1361355140.906917,-10564,-8472,1036,nan,0.000000
2,5,13,0,12461326,18418644,2307928739363866794,1361355140.908567,-17528,-9316,4212,nan,0.000000
2,5,13,0,12461326,18418644,2307928739363869415,1361355140.908567,-22656,-8492,5816,nan,0.000000
2,5,13,0,12461326,18418644,2307928739363872036,1361355140.908567,-15292,-2652,-564,nan,0.000000
2,5,13,0,12461326,18418644,2307928739363874657,1361355140.908567,-20100,-356,3336,nan,0.000000
2,5,13,0,12461326,18418644,2307928739363877278,1361355140.908567,-12004,-11592,1068,nan,0.000000
2,5,14,0,12461326,18418676,2307928739363879899,1361355140.909027,-8804,-3088,52,nan,0.000000
2,5,14,0,12461326,18418676,2307928739363882520,1361355140.909027,-11952,-2932,5188,nan,0.000000
2,5,14,0,12461326,18418676,2307928739363885141,1361355140.909027,-12852,-7032,4992,nan,0.000000
2,5,14,0,12461326,18418676,2307928739363887762,1361355140.909027,-18964,-10016,7656,nan,0.000000
2,5,14,0,12461326,18418676,2307928739363890383,1361355140.909027,-14276,-14964,5024,nan,0.000000
2,5,15,0,12461326,18418708,2307928739363893004,1361355140.910638,-17784,-5712,1728,nan,0.000000
2,5,15,0,12461326,18418708,2307928739363895625,1361355140.910638,-17204,-6928,3960,nan,0.000000
2,5,15,0,12461326,18418708,2307928739363898246,1361355140.910638,-12052,-7276,2608,nan,0.000000
2,5,15,0,12461326,18418708,2307928739363900867,1361355140.910638,-10332,-1792,1632,nan,0.000000
2,5,15,0,12461326,18418708,2307928739363903488,1361355140.910638,-10768,-8000,2384,nan,0.000000
2,5,0,0,12461326,18418740,2307928739363906109,1361355140.911330,-12140,-8608,708,nan,0.000000
2,5,0,0,12461326,18418740,2307928739363908730,1361355140.911330,-22764,-10356,10012,nan,0.000000
2,5,0,0,12461326,18418740,2307928739363911351,1361355140.911330,-18368,-6764,-952,nan,0.000000
2,5,0,0,12461326,18418740,2307928739363913972,1361355140.911330,-16680,1288,2764,nan,0.000000
2,5,0,0,12461326,18418740,2307928739363916593,1361355140.911330,-16816,-8168,2888,nan,0.000000
2,5,1,0,12461326,18418772,2307928739363919214,1361355140.911900,-10244,-7504,224,nan,0.000000
2,5,1,0,12461326,18418772,2307928739363921835,1361355140.911900,-10304,-3060,2684,nan,0.000000
2,5,1,0,12461326,18418772,2307928739363924456,1361355140.911900,-11340,-4996,5516,nan,0.000000
2,5,1,0,12461326,18418772,2307928739363927077,1361355140.911900,-15852,-8060,6008,nan,0.000000
2,5,1,0,12461326,18418772,2307928739363929698,1361355140.911900,-17452,-11528,8396,nan,0.000000
1,5,2,0,12542610,18418803,8937970655817097216,1361355140.912442,-16356,-3996,3796,nan,0.000000
1,5,2,0,12542610,18418803,8937970655817099837,1361355140.912442,-15492,-10196,3364,nan,0.000000
2,5,3,0,12542610,18418836,8937970655817102458,1361355140.912771,-11756,-2700,3112,nan,0.000000
2,5,3,0,12542610,18418836,8937970655817105079,1361355140.912771,-11312,-5092,1160,nan,0.000000
2,5,3,0,12542610,18418836,8937970655817107700,1361355140.912771,-10520,-8976,1268,nan,0.000000
2,5,3,0,12542610,18418836,8937970655817110321,1361355140.912771,-15420,-7816,4760,nan,0.000000
2,5,3,0,12542610,18418836,8937970655817112942,1361355140.912771,-20892,-9504,7116,nan,0.000000
2,5,4,0,12542610,18418868,8937970655817115563,1361355140.914453,-17280,-4592,-20,nan,0.000000
2,5,4,0,12542610,18418868,8937970655817118184,1361355140.914453,-16956,524,2448,nan,0.000000
2,5,4,0,12542610,18418868,8937970655817120805,1361355140.914453,-14748,-12324,2856,nan,0.000000
2,5,4,0,12542610,18418868,8937970655817123426,1361355140.914453,-10600,-4836,124,nan,0.000000
2,5,4,0,12542610,18418868,8937970655817126047,1361355140.914453,-12328,-4520,5140,nan,0.000000
2,5,5,0,12542610,18418900,8937970655817128668,1361355140.914871,-11244,-5888,4236,nan,0.000000
2,5,5,0,12542610,18418900,8937970655817131289,1361355140.914871,-15492,-7660,5012,nan,0.000000
2,5,5,0,12542610,18418900,8937970655817133910,1361355140.914871,-16348,-12256,8976,nan,0.000000
2,5,5,0,12542610,18418900,8937970655817136531,1361355140.914871,-13656,-13556,2012,nan,0.000000
2,5,5,0,12542610,18418900,8937970655817139152,1361355140.914871,-15460,-4296,2572,nan,0.000000
2,5,6,0,12542610,18418932,8937970655817141773,1361355140.916457,-15452,-9504,2404,nan,0.000000
2,5,6,0,12542610,18418932,8937970655817144394,1361355140.916457,-12804,-6268,3128,nan,0.000000
2,5,6,0,12542610,18418932,8937970655817147015,1361355140.916457,-12016,-5608,704,nan,0.000000
2,5,6,0,12542610,18418932,8937970655817149636,1361355140.916457,-12392,-8284,2496,nan,0.000000
2,5,6,0,12542610,18418932,8937970655817152257,1361355140.916457,-13424,-8032,2844,nan,0.000000
2,5,7,0,12542610,18418964,8937970655817154878,1361355140.917143,-16664,-9328,5512,nan,0.000000
2,5,7,0,12542610,18418964,8937970655817157499,1361355140.917143,-18952,-8688,4924,nan,0.000000
2,5,7,0,12542610,18418964,8937970655817160120,1361355140.917143,-15236,-4608,1672,nan,0.000000
2,5,7,0,12542610,18418964,8937970655817162741,1361355140.917143,-14472,-1400,3168,nan,0.000000
2,5,7,0,12542610,18418964,8937970655817165362,1361355140.917143,-14700,-9824,3060,nan,0.000000
2,5,8,0,12542610,18418996,8937970655817167983,1361355140.918462,-11660,-6792,1720,nan,0.000000
2,5,8,0,12542610,18418996,8937970655817170604,1361355140.918462,-12548,-5948,5040,nan,0.000000
2,5,8,0,12542610,18418996,8937970655817173225,1361355140.918462,-12824,-6204,5480,nan,0.000000
2,5,8,0,12542610,18418996,8937970655817175846,1361355140.918462,-13148,-6268,4784,nan,0.000000
2,5,8,0,12542610,18418996,8937970655817178467,1361355140.918462,-16080,-7676,7044,nan,0.000000
1,5,9,0,12623894,18419028,-5759042993523869690,1361355140.919199,-16428,-9964,4860,nan,0.000000
1,5,9,0,12623894,18419028,-5759042993523867069,1361355140.919199,-13008,-5656,3164,nan,0.000000
2,5,10,0,12623894,18419060,-5759042993523864448,1361355140.920481,-13712,-9068,1812,nan,0.000000
2,5,10,0,12623894,18419060,-5759042993523861827,1361355140.920481,-14296,-5600,4532,nan,0.000000
2,5,10,0,12623894,18419060,-5759042993523859206,1361355140.920481,-12884,-5660,2624,nan,0.000000
2,5,10,0,12623894,18419060,-5759042993523856585,1361355140.920481,-12644,-8932,2924,nan,0.000000
2,5,10,0,12623894,18419060,-5759042993523853964,1361355140.920481,-12892,-8900,3880,nan,0.000000
2,5,11,0,12623894,18419092,-5759042993523851343,1361355140.920899,-14016,-8416,3744,nan,0.000000
2,5,11,0,12623894,18419092,-5759042993523848722,1361355140.920899,-16464,-9560,7128,nan,0.000000
2,5,11,0,12623894,18419092,-5759042993523846101,1361355140.920899,-16428,-9864,3328,nan,0.000000
2,5,11,0,12623894,18419092,-5759042993523843480,1361355140.920899,-14316,-3980,2404,nan,0.000000
2,5,11,0,12623894,18419092,-5759042993523840859,1361355140.920899,-13036,-3252,3156,nan,0.000000
2,5,12,0,12623894,18419123,-5759042993523838238,1361355140.922626,-15248,-11536,4952,nan,0.000000
2,5,12,0,12623894,18419123,-5759042993523835617,1361355140.922626,-11548,-6568,2796,nan,0.000000
2,5,12,0,12623894,18419123,-5759042993523832996,1361355140.922626,-12176,-7064,6016,nan,0.000000
2,5,12,0,12623894,18419123,-5759042993523830375,1361355140.922626,-11804,-5900,5920,nan,0.000000
2,5,12,0,12623894,18419123,-5759042993523827754,1361355140.922626,-14228,-6600,5448,nan,0.000000
2,5,13,0,12623894,18419156,-5759042993523825133,1361355140.923147,-15932,-9984,8100,nan,0.000000
2,5,13,0,12623894,18419156,-5759042993523822512,1361355140.923147,-13528,-13060,5052,nan,0.000000
2,5,13,0,12623894,18419156,-5759042993523819891,1361355140.923147,-15756,-7508,3832,nan,0.000000
2,5,13,0,12623894,18419156,-5759042993523817270,1361355140.923147,-12112,-6100,1356,nan,0.000000
2,5,13,0,12623894,18419156,-5759042993523814649,1361355140.923147,-15936,-7536,4800,nan,0.000000
2,5,14,0,12623894,18419187,-5759042993523812028,1361355140.924718,-11764,-5716,2376,nan,0.000000
2,5,14,0,12623894,18419187,-5759042993523809407,1361355140.924718,-12128,-8312,1952,nan,0.000000
2,5,14,0,12623894,18419187,-5759042993523806786,1361355140.924718,-13364,-7580,4240,nan,0.000000
2,5,14,0,12623894,18419187,-5759042993523804165,1361355140.924718,-14680,-8876,3900,nan,0.000000
2,5,14,0,12623894,18419187,-5759042993523801544,1361355140.924718,-16768,-8524,6648,nan,0.000000
1,5,0,0,12705176,19312061,5190272045250635788,1361355168.174027,-12224,-5656,4968,nan,0.000000
1,5,0,1,12705176,19312061,5190272045250638409,1361355168.174027,-14240,-5416,5728,nan,0.000000
2,5,1,1,12705176,19312093,5190272045250641030,1361355168.174822,-15192,-10248,8560,nan,0.000000
2,5,1,1,12705176,19312093,5190272045250643651,1361355168.174822,-13716,-12276,5380,nan,0.000000
2,5,1,1,12705176,19312093,5190272045250646272,1361355168.174822,-16144,-7096,5164,nan,0.000000
2,5,1,1,12705176,19312093,5190272045250648893,1361355168.174822,-12756,-5276,2800,nan,0.000000
2,5,1,1,12705176,19312093,5190272045250651514,1361355168.174822,-16368,-8244,4516,nan,0.000000
2,5,2,1,12705176,19312125,5190272045250654135,1361355168.180191,-12208,-4512,3288,nan,0.000000
2,5,2,1,12705176,19312125,5190272045250656756,1361355168.180191,-11900,-7236,3336,nan,0.000000
2,5,2,1,12705176,19312125,5190272045250659377,1361355168.180191,-12236,-7876,3832,nan,0.000000
2,5,2,1,12705176,19312125,5190272045250661998,1361355168.180191,-13952,-9152,4960,nan,0.000000
2,5,2,1,12705176,19312125,5190272045250664619,1361355168.180191,-15788,-9776,8708,nan,0.000000
2,5,3,1,12705176,19312157,5190272045250667240,1361355168.185083,-15728,-9812,4324,nan,0.000000
2,5,3,1,12705176,19312157,5190272045250669861,1361355168.185083,-15348,-4792,4308,nan,0.000000
2,5,3,1,12705176,19312157,5190272045250672482,1361355168.185083,-13492,-2216,4648,nan,0.000000
2,5,3,1,12705176,19312157,5190272045250675103,1361355168.185083,-13960,-11696,4712,nan,0.000000
2,5,3,1,12705176,19312157,5190272045250677724,1361355168.185083,-10480,-6704,3224,nan,0.000000
2,5,4,1,12705176,19312189,5190272045250680345,1361355168.187950,-11128,-7272,6988,nan,0.000000
2,5,4,1,12705176,19312189,5190272045250682966,1361355168.187950,-11092,-6700,6252,nan,0.000000
2,5,4,1,12705176,19312189,5190272045250685587,1361355168.187950,-13716,-6492,5268,nan,0.000000
2,5,4,1,12705176,19312189,5190272045250688208,1361355168.187950,-15956,-11740,10352,nan,0.000000
2,5,4,1,12705176,19312189,5190272045250690829,1361355168.187950,-13280,-12552,4888,nan,0.000000
2,5,5,1,12705176,19312221,5190272045250693450,1361355168.191732,-15224,-6136,5572,nan,0.000000
2,5,5,1,12705176,19312221,5190272045250696071,1361355168.191732,-15488,-6616,3008,nan,0.000000
2,5,5,1,12705176,19312221,5190272045250698692,1361355168.191732,-11988,-6980,4268,nan,0.000000
2,5,5,1,12705176,19312221,5190272045250701313,1361355168.191732,-11904,-4616,1876,nan,0.000000
2,5,5,1,12705176,19312221,5190272045250703934,1361355168.191732,-11988,-8448,3176,nan,0.000000
2,5,6,1,12705176,19312253,5190272045250706555,1361355168.194273,-12068,-8952,3120,nan,0.000000
2,5,6,1,12705176,19312253,5190272045250709176,1361355168.194273,-16844,-10028,6720,nan,0.000000
2,5,6,1,12705176,19312253,5190272045250711797,1361355168.194273,-18828,-9832,6156,nan,0.000000
2,5,6,1,12705176,19312253,5190272045250714418,1361355168.194273,-15412,-4056,2024,nan,0.000000
2,5,6,1,12705176,19312253,5190272045250717039,1361355168.194273,-15240,-604,4432,nan,0.000000
1,5,7,0,12786459,19312285,4619238392884768780,1361355168.197394,-10628,-5196,2640,nan,0.000000
1,5,7,15,12786459,19312285,4619238392884771401,1361355168.197394,-10564,-5840,5604,nan,0.000000
2,5,8,15,12786459,19312317,4619238392884774022,1361355168.198313,-12044,-6096,6032,nan,0.000000
2,5,8,15,12786459,19312317,4619238392884776643,1361355168.198313,-14336,-6488,5856,nan,0.000000
2,5,8,15,12786459,19312317,4619238392884779264,1361355168.198313,-16740,-13336,9368,nan,0.000000
2,5,8,15,12786459,19312317,4619238392884781885,1361355168.198313,-12016,-13496,5460,nan,0.000000
2,5,8,15,12786459,19312317,4619238392884784506,1361355168.198313,-15944,-4760,4440,nan,0.000000
2,5,9,15,12786459,19312349,4619238392884787127,1361355168.198733,-15064,-7676,3192,nan,0.000000
2,5,9,15,12786459,19312349,4619238392884789748,1361355168.198733,-12004,-7768,5416,nan,0.000000
2,5,9,15,12786459,19312349,4619238392884792369,1361355168.198733,-11924,-3632,1404,nan,0.000000
2,5,9,15,12786459,19312349,4619238392884794990,1361355168.198733,-11536,-8220,2624,nan,0.000000
2,5,9,15,12786459,19312349,4619238392884797611,1361355168.198733,-12516,-8612,3208,nan,0.000000
2,5,10,15,12786459,19312381,4619238392884800232,1361355168.199102,-17800,-10296,6864,nan,0.000000
2,5,10,15,12786459,19312381,4619238392884802853,1361355168.199102,-19428,-8744,5120,nan,0.000000
2,5,10,15,12786459,19312381,4619238392884805474,1361355168.199102,-15672,-2296,2476,nan,0.000000
2,5,10,15,12786459,19312381,4619238392884808095,1361355168.199102,-15644,-428,3736,nan,0.000000
2,5,10,15,12786459,19312381,4619238392884810716,1361355168.199102,-14168,-10108,3192,nan,0.000000
2,5,11,15,12786459,19312413,4619238392884813337,1361355168.199500,-10804,-4448,2720,nan,0.000000
2,5,11,15,12786459,19312413,4619238392884815958,1361355168.199500,-11068,-4544,5228,nan,0.000000
2,5,11,15,12786459,19312413,4619238392884818579,1361355168.199500,-12812,-6012,6428,nan,0.000000
2,5,11,15,12786459,19312413,4619238392884821200,1361355168.199500,-16272,-7624,6084,nan,0.000000
2,5,11,15,12786459,19312413,4619238392884823821,1361355168.199500,-14388,-13688,9196,nan,0.000000
2,5,12,15,12786459,19312445,4619238392884826442,1361355168.199976,-14048,-12252,4476,nan,0.000000
2,5,12,15,12786459,19312445,4619238392884829063,1361355168.199976,-14780,-2780,4872,nan,0.000000
2,5,12,15,12786459,19312445,4619238392884831684,1361355168.199976,-15808,-10956,4236,nan,0.000000
2,5,12,15,12786459,19312445,4619238392884834305,1361355168.199976,-12632,-3452,3572,nan,0.000000
2,5,12,15,12786459,19312445,4619238392884836926,1361355168.199976,-12296,-3640,2424,nan,0.000000
2,5,13,15,12786459,19312477,4619238392884839547,1361355168.200354,-10480,-9604,2952,nan,0.000000
2,5,13,15,12786459,19312477,4619238392884842168,1361355168.200354,-10360,-8912,2208,nan,0.000000
2,5,13,15,12786459,19312477,4619238392884844789,1361355168.200354,-21620,-11020,10284,nan,0.000000
2,5,13,15,12786459,19312477,4619238392884847410,1361355168.200354,-17484,-9576,2488,nan,0.000000
2,5,13,15,12786459,19312477,4619238392884850031,1361355168.200354,-15188,-84,3072,nan,0.000000
1,5,14,0,12867741,19312509,-6915223499785664501,1361355168.200669,-11912,-12112,2324,nan,0.000000
1,5,14,0,12867741,19312509,-6915223499785661880,1361355168.200669,-10576,-4012,2120,nan,0.000000
2,5,15,0,12867741,19312541,-6915223499785659259,1361355168.200857,-12740,-5544,6280,nan,0.000000
2,5,15,0,12867741,19312541,-6915223499785656638,1361355168.200857,-12448,-6920,5784,nan,0.000000
2,5,15,0,12867741,19312541,-6915223499785654017,1361355168.200857,-16668,-7100,6124,nan,0.000000
2,5,15,0,12867741,19312541,-6915223499785651396,1361355168.200857,-13824,-16556,8928,nan,0.000000
2,5,15,0,12867741,19312541,-6915223499785648775,1361355168.200857,-15388,-9228,2264,nan,0.000000
2,5,0,0,12867741,19312573,-6915223499785646154,1361355168.201156,-15436,-2988,4344,nan,0.000000
2,5,0,0,12867741,19312573,-6915223499785643533,1361355168.201156,-15072,-10496,3856,nan,0.000000
2,5,0,0,12867741,19312573,-6915223499785640912,1361355168.201156,-11380,-3320,2028,nan,0.000000
2,5,0,0,12867741,19312573,-6915223499785638291,1361355168.201156,-11836,-5616,2156,nan,0.000000
2,5,0,0,12867741,19312573,-6915223499785635670,1361355168.201156,-11420,-8680,2844,nan,0.000000
2,5,1,0,12867741,19312605,-6915223499785633049,1361355168.201455,-13544,-10424,4436,nan,0.000000
2,5,1,0,12867741,19312605,-6915223499785630428,1361355168.201455,-20064,-10072,9012,nan,0.000000
2,5,1,0,12867741,19312605,-6915223499785627807,1361355168.201455,-16980,-7396,928,nan,0.000000
2,5,1,0,12867741,19312605,-6915223499785625186,1361355168.201455,-14928,912,4004,nan,0.000000
2,5,1,0,12867741,19312605,-6915223499785622565,1361355168.201455,-16420,-8172,3980,nan,0.000000
2,5,2,0,12867741,19312637,-6915223499785619944,1361355168.201773,-10628,-8624,1840,nan,0.000000
2,5,2,0,12867741,19312637,-6915223499785617323,1361355168.201773,-10716,-3960,4040,nan,0.000000
2,5,2,0,12867741,19312637,-6915223499785614702,1361355168.201773,-11720,-5300,6156,nan,0.000000
2,5,2,0,12867741,19312637,-6915223499785612081,1361355168.201773,-13652,-7260,5380,nan,0.000000
2,5,2,0,12867741,19312637,-6915223499785609460,1361355168.201773,-17472,-11540,9704,nan,0.000000
2,5,3,0,12867741,19312669,-6915223499785606839,1361355168.202090,-12472,-14580,5032,nan,0.000000
2,5,3,0,12867741,19312669,-6915223499785604218,1361355168.202090,-15636,-5164,4068,nan,0.000000
2,5,3,0,12867741,19312669,-6915223499785601597,1361355168.202090,-14576,-8008,3192,nan,0.000000
2,5,3,0,12867741,19312669,-6915223499785598976,1361355168.202090,-12932,-7860,5140,nan,0.000000
2,5,3,0,12867741,19312669,-6915223499785596355,1361355168.202090,-12288,-2864,1576,nan,0.000000
2,5,4,0,12867741,19312701,-6915223499785593734,1361355168.202420,-10932,-8796,2716,nan,0.000000
2,5,4,0,12867741,19312701,-6915223499785591113,1361355168.202420,-11472,-8264,2464,nan,0.000000
2,5,4,0,12867741,19312701,-6915223499785588492,1361355168.202420,-19048,-10404,8316,nan,0.000000
2,5,4,0,12867741,19312701,-6915223499785585871,1361355168.202420,-18672,-8328,4732,nan,0.000000
2,5,4,0,12867741,19312701,-6915223499785583250,1361355168.202420,-15160,-2792,2676,nan,0.000000
1,5,5,0,12949023,19312733,-6914792484114293750,1361355168.202722,-14172,-11592,3572,nan,0.000000
1,5,5,0,12949023,19312733,-6914792484114291129,1361355168.202722,-10724,-4596,2336,nan,0.000000
2,5,6,0,12949023,19312765,-6914792484114288508,1361355168.202881,-11252,-5532,5028,nan,0.000000
2,5,6,0,12949023,19312765,-6914792484114285887,1361355168.202881,-12408,-6380,6504,nan,0.000000
2,5,6,0,12949023,19312765,-6914792484114283266,1361355168.202881,-15108,-6992,6216,nan,0.000000
2,5,6,0,12949023,19312765,-6914792484114280645,1361355168.202881,-14768,-13208,8964,nan,0.000000
2,5,6,0,12949023,19312765,-6914792484114278024,1361355168.202881,-13836,-12640,4728,nan,0.000000
2,5,7,0,12949023,19312797,-6914792484114275403,1361355168.203180,-15556,-3308,4860,nan,0.000000
2,5,7,0,12949023,19312797,-6914792484114272782,1361355168.203180,-15600,-10240,4396,nan,0.000000
2,5,7,0,12949023,19312797,-6914792484114270161,1361355168.203180,-11608,-4064,3648,nan,0.000000
2,5,7,0,12949023,19312797,-6914792484114267540,1361355168.203180,-11432,-4548,2232,nan,0.000000
2,5,7,0,12949023,19312797,-6914792484114264919,1361355168.203180,-11364,-10200,3732,nan,0.000000
2,5,8,0,12949023,19312829,-6914792484114262298,1361355168.203480,-12004,-9576,3744,nan,0.000000
2,5,8,0,12949023,19312829,-6914792484114259677,1361355168.203480,-18744,-10272,9232,nan,0.000000
2,5,8,0,12949023,19312829,-6914792484114257056,1361355168.203480,-16348,-9656,3228,nan,0.000000
2,5,8,0,12949023,19312829,-6914792484114254435,1361355168.203480,-15520,-1340,4540,nan,0.000000
2,5,8,0,12949023,19312829,-6914792484114251814,1361355168.203480,-15484,-2928,4980,nan,0.000000
2,5,9,0,12949023,19312861,-6914792484114249193,1361355168.203802,-12912,-11248,3468,nan,0.000000
2,5,9,0,12949023,19312861,-6914792484114246572,1361355168.203802,-10048,-4204,4476,nan,0.000000
2,5,9,0,12949023,19312861,-6914792484114243951,1361355168.203802,-10932,-5416,5980,nan,0.000000
2,5,9,0,12949023,19312861,-6914792484114241330,1361355168.203802,-13036,-6920,6992,nan,0.000000
2,5,9,0,12949023,19312861,-6914792484114238709,1361355168.203802,-16596,-9652,9244,nan,0.000000
2,5,10,0,12949023,19312893,-6914792484114236088,1361355168.204242,-12168,-14080,6508,nan,0.000000
2,5,10,0,12949023,19312893,-6914792484114233467,1361355168.204242,-16840,-5720,4756,nan,0.000000
2,5,10,0,12949023,19312893,-6914792484114230846,1361355168.204242,-16712,-4868,3976,nan,0.000000
2,5,10,0,12949023,19312893,-6914792484114228225,1361355168.204242,-13520,-8784,5056,nan,0.000000
2,5,10,0,12949023,19312893,-6914792484114225604,1361355168.204242,-12440,-2092,2248,nan,0.000000
2,5,11,0,12949023,19312925,-6914792484114222983,1361355168.204590,-12056,-7468,2932,nan,0.000000
2,5,11,0,12949023,19312925,-6914792484114220362,1361355168.204590,-10832,-10092,2648,nan,0.000000
2,5,11,0,12949023,19312925,-6914792484114217741,1361355168.204590,-13320,-9676,5660,nan,0.000000
2,5,11,0,12949023,19312925,-6914792484114215120,1361355168.204590,-19456,-8712,9648,nan,0.000000
2,5,11,0,12949023,19312925,-6914792484114212499,1361355168.204590,-16076,-7920,1740,nan,0.000000
1,5,12,0,13030306,19312957,6344046683505390603,1361355168.204939,-16936,-8644,2768,nan,0.000000
1,5,12,0,13030306,19312957,6344046683505393224,1361355168.204939,-11788,-7268,3304,nan,0.000000
2,5,13,0,13030306,19312989,6344046683505395845,1361355168.205122,-11396,-4764,4776,nan,0.000000
2,5,13,0,13030306,19312989,6344046683505398466,1361355168.205122,-11508,-6472,5024,nan,0.000000
2,5,13,0,13030306,19312989,6344046683505401087,1361355168.205122,-12912,-6636,7060,nan,0.000000
2,5,13,0,13030306,19312989,6344046683505403708,1361355168.205122,-16404,-7952,8300,nan,0.000000
2,5,13,0,13030306,19312989,6344046683505406329,1361355168.205122,-13808,-14416,6852,nan,0.000000
2,5,14,0,13030306,19313021,6344046683505408950,1361355168.205554,-17496,-7104,5144,nan,0.000000
2,5,14,0,13030306,19313021,6344046683505411571,1361355168.205554,-12684,-3976,2516,nan,0.000000
2,5,14,0,13030306,19313021,6344046683505414192,1361355168.205554,-16036,-8804,3512,nan,0.000000
2,5,14,0,13030306,19313021,6344046683505416813,1361355168.205554,-12396,-4148,4488,nan,0.000000
2,5,14,0,13030306,19313021,6344046683505419434,1361355168.205554,-12748,-5916,2820,nan,0.000000
2,5,15,0,13030306,19313053,6344046683505422055,1361355168.205903,-11948,-8468,2464,nan,0.000000
2,5,15,0,13030306,19313053,6344046683505424676,1361355168.205903,-11780,-9640,3792,nan,0.000000
2,5,15,0,13030306,19313053,6344046683505427297,1361355168.205903,-16816,-9288,8372,nan,0.000000
2,5,15,0,13030306,19313053,6344046683505429918,1361355168.205903,-17128,-9528,6304,nan,0.000000
2,5,15,0,13030306,19313053,6344046683505432539,1361355168.205903,-14764,-6932,2060,nan,0.000000
2,5,0,0,13030306,19313085,6344046683505435160,1361355168.206246,-15684,100,4828,nan,0.000000
2,5,0,0,13030306,19313085,6344046683505437781,1361355168.206246,-14564,-10072,4340,nan,0.000000
2,5,0,0,13030306,19313085,6344046683505440402,1361355168.206246,-10624,-7288,1572,nan,0.000000
2,5,0,0,13030306,19313085,6344046683505443023,1361355168.206246,-11456,-4616,6152,nan,0.000000
2,5,0,0,13030306,19313085,6344046683505445644,1361355168.206246,-11716,-5720,6732,nan,0.000000
2,5,1,0,13030306,19313117,6344046683505448265,1361355168.206566,-12736,-7928,6068,nan,0.000000
2,5,1,0,13030306,19313117,6344046683505450886,1361355168.206566,-16236,-12740,9944,nan,0.000000
2,5,1,0,13030306,19313117,6344046683505453507,1361355168.206566,-15788,-12636,4436,nan,0.000000
2,5,1,0,13030306,19313117,6344046683505456128,1361355168.206566,-13560,-4408,5368,nan,0.000000
2,5,1,0,13030306,19313117,6344046683505458749,1361355168.206566,-15336,-9496,3472,nan,0.000000
2,5,2,0,13030306,19313149,6344046683505461370,1361355168.206867,-11216,-4672,3724,nan,0.000000
2,5,2,0,13030306,19313149,6344046683505463991,1361355168.206867,-10888,-6332,1936,nan,0.000000
2,5,2,0,13030306,19313149,6344046683505466612,1361355168.206867,-11472,-9408,3068,nan,0.000000
2,5,2,0,13030306,19313149,6344046683505469233,1361355168.206867,-13892,-10288,4904,nan,0.000000
2,5,2,0,13030306,19313149,6344046683505471854,1361355168.206867,-16708,-10612,7152,nan,0.000000
1,5,3,0,13111590,19313181,-8068404446455559154,1361355168.207830,-16736,-572,4460,nan,0.000000
1,5,3,0,13111590,19313181,-8068404446455556533,1361355168.207830,-15504,-7144,4072,nan,0.000000
2,5,4,0,13111590,19313213,-8068404446455553912,1361355168.208155,-10060,-10208,808,nan,0.000000
2,5,4,0,13111590,19313213,-8068404446455551291,1361355168.208155,-11012,-4984,4456,nan,0.000000
2,5,4,0,13111590,19313213,-8068404446455548670,1361355168.208155,-12084,-5576,6436,nan,0.000000
2,5,4,0,13111590,19313213,-8068404446455546049,1361355168.208155,-12548,-7468,4980,nan,0.000000
2,5,4,0,13111590,19313213,-8068404446455543428,1361355168.208155,-16984,-11064,8948,nan,0.000000
2,5,5,0,13111590,19313245,-8068404446455540807,1361355168.209975,-14120,-13712,4732,nan,0.000000
2,5,5,0,13111590,19313245,-8068404446455538186,1361355168.209975,-16420,-5204,4404,nan,0.000000
2,5,5,0,13111590,19313245,-8068404446455535565,1361355168.209975,-15616,-8708,3988,nan,0.000000
2,5,5,0,13111590,19313245,-8068404446455532944,1361355168.209975,-12068,-6964,2748,nan,0.000000
2,5,5,0,13111590,19313245,-8068404446455530323,1361355168.209975,-11808,-2672,2600,nan,0.000000
2,5,6,0,13111590,19313277,-8068404446455527702,1361355168.210351,-11616,-7992,2168,nan,0.000000
2,5,6,0,13111590,19313277,-8068404446455525081,1361355168.210351,-11040,-8860,1864,nan,0.000000
2,5,6,0,13111590,19313277,-8068404446455522460,1361355168.210351,-19964,-9708,8028,nan,0.000000
2,5,6,0,13111590,19313277,-8068404446455519839,1361355168.210351,-17896,-8896,5016,nan,0.000000
2,5,6,0,13111590,19313277,-8068404446455517218,1361355168.210351,-14524,-2268,-536,nan,0.000000
2,5,7,0,13111590,19313308,-8068404446455514597,1361355168.213292,-18108,-300,3992,nan,0.000000
2,5,7,0,13111590,19313308,-8068404446455511976,1361355168.213292,-13848,-12604,3164,nan,0.000000
2,5,7,0,13111590,19313308,-8068404446455509355,1361355168.213292,-10452,-3852,2084,nan,0.000000
2,5,7,0,13111590,19313308,-8068404446455506734,1361355168.213292,-11116,-3052,4196,nan,0.000000
2,5,7,0,13111590,19313308,-8068404446455504113,1361355168.213292,-12844,-6880,5036,nan,0.000000
2,5,8,0,13111590,19313341,-8068404446455501492,1361355168.218952,-16960,-7484,7308,nan,0.000000
2,5,8,0,13111590,19313341,-8068404446455498871,1361355168.218952,-15204,-15048,8400,nan,0.000000
2,5,8,0,13111590,19313341,-8068404446455496250,1361355168.218952,-16808,-9960,3288,nan,0.000000
2,5,8,0,13111590,19313341,-8068404446455493629,1361355168.218952,-14104,-4108,1284,nan,0.000000
2,5,8,0,13111590,19313341,-8068404446455491008,1361355168.218952,-15060,-11396,3244,nan,0.000000
2,5,9,0,13111590,19313372,-8068404446455488387,1361355168.225721,-12548,-2732,3524,nan,0.000000
2,5,9,0,13111590,19313372,-8068404446455485766,1361355168.225721,-11144,-4164,672,nan,0.000000
2,5,9,0,13111590,19313372,-8068404446455483145,1361355168.225721,-11504,-9184,2032,nan,0.000000
2,5,9,0,13111590,19313372,-8068404446455480524,1361355168.225721,-13676,-9456,3676,nan,0.000000
2,5,9,0,13111590,19313372,-8068404446455477903,1361355168.225721,-20444,-9196,7664,nan,0.000000
1,5,10,0,13192874,19313405,-6916758340977245171,1361355168.229967,-16856,1436,2924,nan,0.000000
1,5,10,0,13192874,19313405,-6916758340977242550,1361355168.229967,-16712,-7940,3004,nan,0.000000
2,5,11,0,13192874,19313436,-6916758340977239929,1361355168.232185,-10284,-9372,592,nan,0.000000
2,5,11,0,13192874,19313436,-6916758340977237308,1361355168.232185,-11784,-3284,2868,nan,0.000000
2,5,11,0,13192874,19313436,-6916758340977234687,1361355168.232185,-11136,-5260,5376,nan,0.000000
2,5,11,0,13192874,19313436,-6916758340977232066,1361355168.232185,-12076,-7304,3108,nan,0.000000
2,5,11,0,13192874,19313436,-6916758340977229445,1361355168.232185,-18456,-11672,11516,nan,0.000000
2,5,12,0,13192874,19313468,-6916758340977226824,1361355168.233179,-12784,-14736,3132,nan,0.000000
2,5,12,0,13192874,19313468,-6916758340977224203,1361355168.233179,-18388,-3224,3408,nan,0.000000
2,5,12,0,13192874,19313468,-6916758340977221582,1361355168.233179,-17204,-7464,4420,nan,0.000000
2,5,12,0,13192874,19313468,-6916758340977218961,1361355168.233179,-12756,-5992,3348,nan,0.000000
2,5,12,0,13192874,19313468,-6916758340977216340,1361355168.233179,-11480,-3600,1188,nan,0.000000
2,5,13,0,13192874,19313500,-6916758340977213719,1361355168.257998,-11232,-8488,2420,nan,0.000000
2,5,13,0,13192874,19313500,-6916758340977211098,1361355168.257998,-12064,-7340,2468,nan,0.000000
2,5,13,0,13192874,19313500,-6916758340977208477,1361355168.257998,-18772,-9292,7348,nan,0.000000
2,5,13,0,13192874,19313500,-6916758340977205856,1361355168.257998,-17868,-8076,4404,nan,0.000000
2,5,13,0,13192874,19313500,-6916758340977203235,1361355168.257998,-17008,52,3392,nan,0.000000
2,5,14,0,13192874,19313532,-6916758340977200614,1361355168.259520,-18956,-120,2784,nan,0.000000
2,5,14,0,13192874,19313532,-6916758340977197993,1361355168.259520,-13196,-14364,3000,nan,0.000000
2,5,14,0,13192874,19313532,-6916758340977195372,1361355168.259520,-10176,-2524,2304,nan,0.000000
2,5,14,0,13192874,19313532,-6916758340977192751,1361355168.259520,-11372,-4212,6492,nan,0.000000
2,5,14,0,13192874,19313532,-6916758340977190130,1361355168.259520,-11772,-7060,5024,nan,0.000000
2,5,15,0,13192874,19313564,-6916758340977187509,1361355168.263407,-15708,-8256,8104,nan,0.000000
2,5,15,0,13192874,19313564,-6916758340977184888,1361355168.263407,-15236,-13148,8332,nan,0.000000
2,5,15,0,13192874,19313564,-6916758340977182267,1361355168.263407,-17512,-7528,4492,nan,0.000000
2,5,15,0,13192874,19313564,-6916758340977179646,1361355168.263407,-13440,-2952,3200,nan,0.000000
2,5,15,0,13192874,19313564,-6916758340977177025,1361355168.263407,-17508,-8268,3000,nan,0.000000
2,5,0,0,13192874,19313596,-6916758340977174404,1361355168.267113,-12056,-3268,2720,nan,0.000000
2,5,0,0,13192874,19313596,-6916758340977171783,1361355168.267113,-14384,-4268,2304,nan,0.000000
2,5,0,0,13192874,19313596,-6916758340977169162,1361355168.267113,-11300,-9728,1528,nan,0.000000
2,5,0,0,13192874,19313596,-6916758340977166541,1361355168.267113,-11524,-9132,1904,nan,0.000000
2,5,0,0,13192874,19313596,-6916758340977163920,1361355168.267113,-20780,-9928,9180,nan,0.000000
1,5,1,0,13274158,19313628,2626663767056394,1361355168.269868,-16136,1248,2692,nan,0.000000
1,5,1,0,13274158,19313628,2626663767059015,1361355168.269868,-16144,-2404,1252,nan,0.000000
2,5,2,0,13274158,19313660,2626663767061636,1361355168.277580,-11460,-10748,1556,nan,0.000000
2,5,2,0,13274158,19313660,2626663767064257,1361355168.277580,-9564,-3724,2148,nan,0.000000
2,5,2,0,13274158,19313660,2626663767066878,1361355168.277580,-13816,-4968,6048,nan,0.000000
2,5,2,0,13274158,19313660,2626663767069499,1361355168.277580,-12668,-7572,6136,nan,0.000000
2,5,2,0,13274158,19313660,2626663767072120,1361355168.277580,-17256,-9384,6456,nan,0.000000
2,5,3,0,13274158,19313692,2626663767074741,1361355168.280543,-14364,-15088,7460,nan,0.000000
2,5,3,0,13274158,19313692,2626663767077362,1361355168.280543,-14820,-7412,972,nan,0.000000
2,5,3,0,13274158,19313692,2626663767079983,1361355168.280543,-16788,-5940,3920,nan,0.000000
2,5,3,0,13274158,19313692,2626663767082604,1361355168.280543,-13852,-8716,3824,nan,0.000000
2,5,3,0,13274158,19313692,2626663767085225,1361355168.280543,-12448,-1724,2152,nan,0.000000
2,5,4,0,13274158,19313724,2626663767087846,1361355168.282964,-11076,-6812,1924,nan,0.000000
2,5,4,0,13274158,19313724,2626663767090467,1361355168.282964,-11056,-9260,2392,nan,0.000000
2,5,4,0,13274158,19313724,2626663767093088,1361355168.282964,-16336,-10236,5524,nan,0.000000
2,5,4,0,13274158,19313724,2626663767095709,1361355168.282964,-20928,-8060,8292,nan,0.000000
2,5,4,0,13274158,19313724,2626663767098330,1361355168.282964,-16276,-2608,-228,nan,0.000000
2,5,5,0,13274158,19313756,2626663767100951,1361355168.285364,-16260,3856,3932,nan,0.000000
2,5,5,0,13274158,19313756,2626663767103572,1361355168.285364,-16628,-11992,2380,nan,0.000000
2,5,5,0,13274158,19313756,2626663767106193,1361355168.285364,-9156,-4984,1016,nan,0.000000
2,5,5,0,13274158,19313756,2626663767108814,1361355168.285364,-13024,-3936,5256,nan,0.000000
2,5,5,0,13274158,19313756,2626663767111435,1361355168.285364,-13284,-5336,6300,nan,0.000000
2,5,6,0,13274158,19313788,2626663767114056,1361355168.288204,-15008,-7192,6432,nan,0.000000
2,5,6,0,13274158,19313788,2626663767116677,1361355168.288204,-15616,-13292,6984,nan,0.000000
2,5,6,0,13274158,19313788,2626663767119298,1361355168.288204,-14856,-10360,3868,nan,0.000000
2,5,6,0,13274158,19313788,2626663767121919,1361355168.288204,-17632,-3100,2948,nan,0.000000
2,5,6,0,13274158,19313788,2626663767124540,1361355168.288204,-16096,-10336,4432,nan,0.000000
2,5,7,0,13274158,19313820,2626663767127161,1361355168.291941,-11652,-3912,2664,nan,0.000000
2,5,7,0,13274158,19313820,2626663767129782,1361355168.291941,-11556,-2768,1528,nan,0.000000
2,5,7,0,13274158,19313820,2626663767132403,1361355168.291941,-12348,-10208,2796,nan,0.000000
2,5,7,0,13274158,19313820,2626663767135024,1361355168.291941,-11300,-10476,2464,nan,0.000000
2,5,7,0,13274158,19313820,2626663767137645,1361355168.291941,-19760,-10828,9436,nan,0.000000
1,5,8,0,13355439,19313852,-574999544889972726,1361355168.296409,-15728,1484,3644,nan,0.000000
1,5,8,0,13355439,19313852,-574999544889970105,1361355168.296409,-17644,-1972,3144,nan,0.000000
2,5,9,0,13355439,19313884,-574999544889967484,1361355168.299826,-11868,-10280,2276,nan,0.000000
2,5,9,0,13355439,19313884,-574999544889964863,1361355168.299826,-9232,-3028,2392,nan,0.000000
2,5,9,0,13355439,19313884,-574999544889962242,1361355168.299826,-13744,-4688,5272,nan,0.000000
2,5,9,0,13355439,19313884,-574999544889959621,1361355168.299826,-13776,-8092,5824,nan,0.000000
2,5,9,0,13355439,19313884,-574999544889957000,1361355168.299826,-18772,-9876,7292,nan,0.000000
2,5,10,0,13355439,19313916,-574999544889954379,1361355168.305089,-16516,-14336,3220,nan,0.000000
2,5,10,0,13355439,19313916,-574999544889951758,1361355168.305089,-16004,-5092,452,nan,0.000000
2,5,10,0,13355439,19313916,-574999544889949137,1361355168.305089,-16564,-8244,3076,nan,0.000000
2,5,10,0,13355439,19313916,-574999544889946516,1361355168.305089,-11852,-4200,1952,nan,0.000000
2,5,10,0,13355439,19313916,-574999544889943895,1361355168.305089,-12196,-2036,1156,nan,0.000000
2,5,11,0,13355439,19313948,-574999544889941274,1361355168.307525,-11440,-8488,2100,nan,0.000000
2,5,11,0,13355439,19313948,-574999544889938653,1361355168.307525,-11756,-8804,1828,nan,0.000000
2,5,11,0,13355439,19313948,-574999544889936032,1361355168.307525,-19560,-10100,7484,nan,0.000000
2,5,11,0,13355439,19313948,-574999544889933411,1361355168.307525,-19864,-7392,5332,nan,0.000000
2,5,11,0,13355439,19313948,-574999544889930790,1361355168.307525,-15164,-1940,268,nan,0.000000
2,5,12,0,13355439,19313980,-574999544889928169,1361355168.309959,-17224,-832,2488,nan,0.000000
2,5,12,0,13355439,19313980,-574999544889925548,1361355168.309959,-12656,-12016,3148,nan,0.000000
2,5,12,0,13355439,19313980,-574999544889922927,1361355168.309959,-9748,-3548,1468,nan,0.000000
2,5,12,0,13355439,19313980,-574999544889920306,1361355168.309959,-12204,-3844,5176,nan,0.000000
2,5,12,0,13355439,19313980,-574999544889917685,1361355168.309959,-13068,-7124,6444,nan,0.000000
2,5,13,0,13355439,19314012,-574999544889915064,1361355168.316352,-17716,-8244,6704,nan,0.000000
2,5,13,0,13355439,19314012,-574999544889912443,1361355168.316352,-14284,-14784,8388,nan,0.000000
2,5,13,0,13355439,19314012,-574999544889909822,1361355168.316352,-15196,-10160,896,nan,0.000000
2,5,13,0,13355439,19314012,-574999544889907201,1361355168.316352,-15848,-4268,1192,nan,0.000000
2,5,13,0,13355439,19314012,-574999544889904580,1361355168.316352,-13560,-9572,3704,nan,0.000000
2,5,14,0,13355439,19314044,-574999544889901959,1361355168.318876,-10924,-2600,936,nan,0.000000
2,5,14,0,13355439,19314044,-574999544889899338,1361355168.318876,-11536,-6048,1732,nan,0.000000
2,5,14,0,13355439,19314044,-574999544889896717,1361355168.318876,-12992,-9184,3460,nan,0.000000
2,5,14,0,13355439,19314044,-574999544889894096,1361355168.318876,-16720,-11088,4340,nan,0.000000
2,5,14,0,13355439,19314044,-574999544889891475,1361355168.318876,-20688,-8112,6368,nan,0.000000
1,5,15,0,13436721,19314076,-4321660238826395645,1361355168.320621,-18012,936,5196,nan,0.000000
1,5,15,0,13436721,19314076,-4321660238826393024,1361355168.320621,-13620,-11576,2572,nan,0.000000
2,5,0,0,13436721,19314108,-4321660238826390403,1361355168.321522,-9440,-3540,948,nan,0.000000
2,5,0,0,13436721,19314108,-4321660238826387782,1361355168.321522,-12136,-3088,4624,nan,0.000000
2,5,0,0,13436721,19314108,-4321660238826385161,1361355168.321522,-13424,-5784,6008,nan,0.000000
2,5,0,0,13436721,19314108,-4321660238826382540,1361355168.321522,-18788,-8724,6668,nan,0.000000
2,5,0,0,13436721,19314108,-4321660238826379919,1361355168.321522,-14464,-14640,5932,nan,0.000000
2,5,1,0,13436721,19314140,-4321660238826377298,1361355168.324061,-16176,-8012,1096,nan,0.000000
2,5,1,0,13436721,19314140,-4321660238826374677,1361355168.324061,-16824,-5144,2232,nan,0.000000
2,5,1,0,13436721,19314140,-4321660238826372056,1361355168.324061,-13880,-8588,3132,nan,0.000000
2,5,1,0,13436721,19314140,-4321660238826369435,1361355168.324061,-12008,-1748,1896,nan,0.000000
2,5,1,0,13436721,19314140,-4321660238826366814,1361355168.324061,-10348,-6720,1728,nan,0.000000
2,5,2,0,13436721,19314172,-4321660238826364193,1361355168.326399,-11340,-7916,2492,nan,0.000000
2,5,2,0,13436721,19314172,-4321660238826361572,1361355168.326399,-19824,-9012,7136,nan,0.000000
2,5,2,0,13436721,19314172,-4321660238826358951,1361355168.326399,-20948,-7620,3088,nan,0.000000
2,5,2,0,13436721,19314172,-4321660238826356330,1361355168.326399,-15836,-220,2424,nan,0.000000
2,5,2,0,13436721,19314172,-4321660238826353709,1361355168.326399,-17468,-5524,4068,nan,0.000000
2,5,3,0,13436721,19314204,-4321660238826351088,1361355168.330565,-10192,-7480,1304,nan,0.000000
2,5,3,0,13436721,19314204,-4321660238826348467,1361355168.330565,-8988,-3536,3044,nan,0.000000
2,5,3,0,13436721,19314204,-4321660238826345846,1361355168.330565,-12564,-5220,5360,nan,0.000000
2,5,3,0,13436721,19314204,-4321660238826343225,1361355168.330565,-15536,-8876,6168,nan,0.000000
2,5,3,0,13436721,19314204,-4321660238826340604,1361355168.330565,-17844,-11020,8476,nan,0.000000
2,5,4,0,13436721,19314236,-4321660238826337983,1361355168.334420,-14900,-12916,224,nan,0.000000
2,5,4,0,13436721,19314236,-4321660238826335362,1361355168.334420,-17608,-4928,-304,nan,0.000000
2,5,4,0,13436721,19314236,-4321660238826332741,1361355168.334420,-15384,-9264,3964,nan,0.000000
2,5,4,0,13436721,19314236,-4321660238826330120,1361355168.334420,-12340,-3004,1940,nan,0.000000
2,5,4,0,13436721,19314236,-4321660238826327499,1361355168.334420,-9912,-5036,48,nan,0.000000
2,5,5,0,13436721,19314268,-4321660238826324878,1361355168.336128,-11048,-7616,2352,nan,0.000000
2,5,5,0,13436721,19314268,-4321660238826322257,1361355168.336128,-17064,-9176,4660,nan,0.000000
2,5,5,0,13436721,19314268,-4321660238826319636,1361355168.336128,-19500,-8504,6756,nan,0.000000
2,5,5,0,13436721,19314268,-4321660238826317015,1361355168.336128,-15916,-5268,-584,nan,0.000000
2,5,5,0,13436721,19314268,-4321660238826314394,1361355168.336128,-19916,-2168,4064,nan,0.000000
1,5,6,0,13518002,19314300,3752106366399754249,1361355168.339043,-8452,-4904,1104,nan,0.000000
1,5,6,0,13518002,19314300,3752106366399756870,1361355168.339043,-13264,-4476,4632,nan,0.000000
2,5,7,0,13518002,19314332,3752106366399759491,1361355168.340436,-12156,-5548,4820,nan,0.000000
2,5,7,0,13518002,19314332,3752106366399762112,1361355168.340436,-16952,-7288,6468,nan,0.000000
2,5,7,0,13518002,19314332,3752106366399764733,1361355168.340436,-15456,-12372,6776,nan,0.000000
2,5,7,0,13518002,19314332,3752106366399767354,1361355168.340436,-14876,-12820,1588,nan,0.000000
2,5,7,0,13518002,19314332,3752106366399769975,1361355168.340436,-16144,-4200,768,nan,0.000000
2,5,8,0,13518002,19314364,3752106366399772596,1361355168.344876,-15128,-8428,3268,nan,0.000000
2,5,8,0,13518002,19314364,3752106366399775217,1361355168.344876,-12752,-3148,2264,nan,0.000000
2,5,8,0,13518002,19314364,3752106366399777838,1361355168.344876,-11404,-7492,1420,nan,0.000000
2,5,8,0,13518002,19314364,3752106366399780459,1361355168.344876,-11692,-7524,2468,nan,0.000000
2,5,8,0,13518002,19314364,3752106366399783080,1361355168.344876,-15240,-8472,3744,nan,0.000000
2,5,9,0,13518002,19314396,3752106366399785701,1361355168.346662,-18456,-9748,6856,nan,0.000000
2,5,9,0,13518002,19314396,3752106366399788322,1361355168.346662,-18128,-7916,1864,nan,0.000000
2,5,9,0,13518002,19314396,3752106366399790943,1361355168.346662,-14340,-908,2056,nan,0.000000
2,5,9,0,13518002,19314396,3752106366399793564,1361355168.346662,-17344,-7284,4696,nan,0.000000
2,5,9,0,13518002,19314396,3752106366399796185,1361355168.346662,-10212,-8708,1320,nan,0.000000
2,5,10,0,13518002,19314428,3752106366399798806,1361355168.352311,-12344,-4588,4088,nan,0.000000
2,5,10,0,13518002,19314428,3752106366399801427,1361355168.352311,-12336,-4844,4684,nan,0.000000
2,5,10,0,13518002,19314428,3752106366399804048,1361355168.352311,-12708,-6872,5072,nan,0.000000
2,5,10,0,13518002,19314428,3752106366399806669,1361355168.352311,-17052,-7272,7628,nan,0.000000
2,5,10,0,13518002,19314428,3752106366399809290,1361355168.352311,-13920,-14324,7888,nan,0.000000
2,5,11,0,13518002,19314460,3752106366399811911,1361355168.353407,-15656,-9188,2708,nan,0.000000
2,5,11,0,13518002,19314460,3752106366399814532,1361355168.353407,-13796,-5868,2476,nan,0.000000
2,5,11,0,13518002,19314460,3752106366399817153,1361355168.353407,-14696,-10228,4296,nan,0.000000
2,5,11,0,13518002,19314460,3752106366399819774,1361355168.353407,-12668,-3324,3388,nan,0.000000
2,5,11,0,13518002,19314460,3752106366399822395,1361355168.353407,-11184,-6996,1980,nan,0.000000
2,5,12,0,13518002,19314492,3752106366399825016,1361355170.652141,-11824,-7760,2824,nan,0.000000
2,5,12,0,13518002,19314492,3752106366399827637,1361355170.652141,-14432,-8152,4120,nan,0.000000
2,5,12,0,13518002,19314492,3752106366399830258,1361355170.652141,-19520,-10284,8244,nan,0.000000
2,5,12,0,13518002,19314492,3752106366399832879,1361355170.652141,-17460,-6948,2000,nan,0.000000
2,5,12,0,13518002,19314492,3752106366399835500,1361355170.652141,-14580,664,2216,nan,0.000000
1,5,13,0,13599284,19393347,1733930801772824587,1361355170.653816,-10844,-7956,1112,nan,0.000000
1,5,13,1,13599284,19393347,1733930801772827208,1361355170.653816,-12068,-3880,3932,nan,0.000000
2,5,14,1,13599284,19393379,1733930801772829829,1361355170.654329,-12204,-4732,5640,nan,0.000000
2,5,14,1,13599284,19393379,1733930801772832450,1361355170.654329,-14356,-6324,5916,nan,0.000000
2,5,14,1,13599284,19393379,1733930801772835071,1361355170.654329,-17076,-9076,7712,nan,0.000000
2,5,14,1,13599284,19393379,1733930801772837692,1361355170.654329,-13540,-15004,6136,nan,0.000000
2,5,14,1,13599284,19393379,1733930801772840313,1361355170.654329,-17044,-5844,2568,nan,0.000000
2,5,15,1,13599284,19393410,1733930801772842934,1361355170.655810,-13712,-6408,2864,nan,0.000000
2,5,15,1,13599284,19393410,1733930801772845555,1361355170.655810,-15176,-7428,3692,nan,0.000000
2,5,15,1,13599284,19393410,1733930801772848176,1361355170.655810,-11692,-2164,1932,nan,0.000000
2,5,15,1,13599284,19393410,1733930801772850797,1361355170.655810,-11920,-8692,2524,nan,0.000000
2,5,15,1,13599284,19393410,1733930801772853418,1361355170.655810,-11132,-7368,3400,nan,0.000000
2,5,0,1,13599284,19393443,1733930801772856039,1361355170.656570,-17408,-9576,5896,nan,0.000000
2,5,0,1,13599284,19393443,1733930801772858660,1361355170.656570,-19108,-9104,6144,nan,0.000000
2,5,0,1,13599284,19393443,1733930801772861281,1361355170.656570,-16624,-3856,1632,nan,0.000000
2,5,0,1,13599284,19393443,1733930801772863902,1361355170.656570,-15036,-584,3036,nan,0.000000
2,5,0,1,13599284,19393443,1733930801772866523,1361355170.656570,-15160,-11116,3700,nan,0.000000
2,5,1,1,13599284,19393474,1733930801772869144,1361355170.657749,-10520,-5332,2376,nan,0.000000
2,5,1,1,13599284,19393474,1733930801772871765,1361355170.657749,-11528,-4080,4332,nan,0.000000
2,5,1,1,13599284,19393474,1733930801772874386,1361355170.657749,-12588,-5440,5772,nan,0.000000
2,5,1,1,13599284,19393474,1733930801772877007,1361355170.657749,-15284,-7428,5960,nan,0.000000
2,5,1,1,13599284,19393474,1733930801772879628,1361355170.657749,-16076,-11592,8804,nan,0.000000
2,5,2,1,13599284,19393507,1733930801772882249,1361355170.658630,-13412,-13104,3732,nan,0.000000
2,5,2,1,13599284,19393507,1733930801772884870,1361355170.658630,-16216,-4444,2636,nan,0.000000
2,5,2,1,13599284,19393507,1733930801772887491,1361355170.658630,-15188,-9616,2680,nan,0.000000
2,5,2,1,13599284,19393507,1733930801772890112,1361355170.658630,-13492,-5444,5040,nan,0.000000
2,5,2,1,13599284,19393507,1733930801772892733,1361355170.658630,-12436,-2964,1680,nan,0.000000
2,5,3,1,13599284,19393538,1733930801772895354,1361355173.138023,-11356,-8892,2680,nan,0.000000
2,5,3,1,13599284,19393538,1733930801772897975,1361355173.138023,-11508,-7920,3944,nan,0.000000
2,5,3,1,13599284,19393538,1733930801772900596,1361355173.138023,-18408,-8636,7476,nan,0.000000
2,5,3,1,13599284,19393538,1733930801772903217,1361355173.138023,-18888,-7944,6248,nan,0.000000
2,5,3,1,13599284,19393538,1733930801772905838,1361355173.138023,-14672,-2812,1188,nan,0.000000
1,5,4,0,13680566,19474793,7498230463364036618,1361355173.139731,-13832,-13164,4036,nan,0.000000
1,5,4,0,13680566,19474793,7498230463364039239,1361355173.139731,-10504,-5392,2588,nan,0.000000
2,5,5,0,13680566,19474825,7498230463364041860,1361355173.140206,-12624,-4784,5792,nan,0.000000
2,5,5,0,13680566,19474825,7498230463364044481,1361355173.140206,-11732,-6468,5116,nan,0.000000
2,5,5,0,13680566,19474825,7498230463364047102,1361355173.140206,-14968,-7044,6292,nan,0.000000
2,5,5,0,13680566,19474825,7498230463364049723,1361355173.140206,-15248,-10980,8772,nan,0.000000
2,5,5,0,13680566,19474825,7498230463364052344,1361355173.140206,-12948,-12936,5276,nan,0.000000
2,5,6,0,13680566,19474868,7498230463364054965,1361355173.141699,-16112,-5324,3524,nan,0.000000
2,5,6,0,13680566,19474868,7498230463364057586,1361355173.141699,-14740,-7848,3060,nan,0.000000
2,5,6,0,13680566,19474868,7498230463364060207,1361355173.141699,-14076,-6760,5224,nan,0.000000
2,5,6,0,13680566,19474868,7498230463364062828,1361355173.141699,-12136,-3544,2268,nan,0.000000
2,5,6,0,13680566,19474868,7498230463364065449,1361355173.141699,-11800,-8280,2656,nan,0.000000
2,5,7,0,13680566,19474900,7498230463364068070,1361355173.142652,-12812,-7552,4228,nan,0.000000
2,5,7,0,13680566,19474900,7498230463364070691,1361355173.142652,-14780,-9148,5392,nan,0.000000
2,5,7,0,13680566,19474900,7498230463364073312,1361355173.142652,-18044,-8508,8120,nan,0.000000
2,5,7,0,13680566,19474900,7498230463364075933,1361355173.142652,-16632,-6912,3536,nan,0.000000
2,5,7,0,13680566,19474900,7498230463364078554,1361355173.142652,-14776,-2320,2352,nan,0.000000
2,5,8,0,13680566,19474932,7498230463364081175,1361355173.143686,-15324,-2204,5464,nan,0.000000
2,5,8,0,13680566,19474932,7498230463364083796,1361355173.143686,-14496,-9452,3836,nan,0.000000
2,5,8,0,13680566,19474932,7498230463364086417,1361355173.143686,-10292,-4504,3272,nan,0.000000
2,5,8,0,13680566,19474932,7498230463364089038,1361355173.143686,-13432,-5076,6536,nan,0.000000
2,5,8,0,13680566,19474932,7498230463364091659,1361355173.143686,-13320,-5808,6456,nan,0.000000
2,5,9,0,13680566,19474964,7498230463364094280,1361355173.145741,-14096,-6940,5880,nan,0.000000
2,5,9,0,13680566,19474964,7498230463364096901,1361355173.145741,-15456,-12724,8732,nan,0.000000
2,5,9,0,13680566,19474964,7498230463364099522,1361355173.145741,-16340,-10936,5396,nan,0.000000
2,5,9,0,13680566,19474964,7498230463364102143,1361355173.145741,-14240,-2544,3856,nan,0.000000
2,5,9,0,13680566,19474964,7498230463364104764,1361355173.145741,-15132,-8368,2112,nan,0.000000
2,5,10,0,13680566,19474996,7498230463364107385,1361355175.616015,-12624,-5836,5524,nan,0.000000
2,5,10,0,13680566,19474996,7498230463364110006,1361355175.616015,-14672,-2972,2336,nan,0.000000
2,5,10,0,13680566,19474996,7498230463364112627,1361355175.616015,-13188,-8788,3324,nan,0.000000
2,5,10,0,13680566,19474996,7498230463364115248,1361355175.616015,-10768,-9436,3448,nan,0.000000
2,5,10,0,13680566,19474996,7498230463364117869,1361355175.616015,-13776,-8200,4536,nan,0.000000
1,5,11,0,13761848,19555939,2308487286104691733,1361355175.617180,-17160,-8128,3100,nan,0.000000
1,5,11,0,13761848,19555939,2308487286104694354,1361355175.617180,-16408,-828,3952,nan,0.000000
2,5,12,0,13761848,19555971,2308487286104696975,1361355175.617884,-13756,-968,1848,nan,0.000000
2,5,12,0,13761848,19555971,2308487286104699596,1361355175.617884,-15280,-9892,4644,nan,0.000000
2,5,12,0,13761848,19555971,2308487286104702217,1361355175.617884,-11276,-5304,2712,nan,0.000000
2,5,12,0,13761848,19555971,2308487286104704838,1361355175.617884,-13024,-5320,5568,nan,0.000000
2,5,12,0,13761848,19555971,2308487286104707459,1361355175.617884,-12560,-6100,7104,nan,0.000000
2,5,13,0,13761848,19556003,2308487286104710080,1361355175.618771,-12544,-6468,5872,nan,0.000000
2,5,13,0,13761848,19556003,2308487286104712701,1361355175.618771,-15328,-10692,8040,nan,0.000000
2,5,13,0,13761848,19556003,2308487286104715322,1361355175.618771,-14748,-13396,5756,nan,0.000000
2,5,13,0,13761848,19556003,2308487286104717943,1361355175.618771,-16584,-4236,5508,nan,0.000000
2,5,13,0,13761848,19556003,2308487286104720564,1361355175.618771,-13356,-3780,2304,nan,0.000000
2,5,14,0,13761848,19556034,2308487286104723185,1361355175.619546,-16432,-7876,5444,nan,0.000000
2,5,14,0,13761848,19556034,2308487286104725806,1361355175.619546,-13408,-3692,2900,nan,0.000000
2,5,14,0,13761848,19556034,2308487286104728427,1361355175.619546,-14268,-7476,3756,nan,0.000000
2,5,14,0,13761848,19556034,2308487286104731048,1361355175.619546,-11752,-10204,3428,nan,0.000000
2,5,14,0,13761848,19556034,2308487286104733669,1361355175.619546,-12728,-8296,4252,nan,0.000000
2,5,15,0,13761848,19556066,2308487286104736290,1361355175.620612,-13912,-8664,6148,nan,0.000000
2,5,15,0,13761848,19556066,2308487286104738911,1361355175.620612,-15488,-10464,5872,nan,0.000000
2,5,15,0,13761848,19556066,2308487286104741532,1361355175.620612,-16080,-7552,5004,nan,0.000000
2,5,15,0,13761848,19556066,2308487286104744153,1361355175.620612,-14364,-352,4608,nan,0.000000
2,5,15,0,13761848,19556066,2308487286104746774,1361355175.620612,-14904,-3816,3796,nan,0.000000
2,5,0,0,13761848,19556099,2308487286104749395,1361355175.621475,-14388,-9028,4576,nan,0.000000
2,5,0,0,13761848,19556099,2308487286104752016,1361355175.621475,-12048,-4692,4884,nan,0.000000
2,5,0,0,13761848,19556099,2308487286104754637,1361355175.621475,-13264,-5744,6660,nan,0.000000
2,5,0,0,13761848,19556099,2308487286104757258,1361355175.621475,-12044,-6692,5464,nan,0.000000
2,5,0,0,13761848,19556099,2308487286104759879,1361355175.621475,-13304,-6384,5776,nan,0.000000
2,5,1,0,13761848,19556130,2308487286104762500,1361355178.095977,-15780,-10712,9016,nan,0.000000
2,5,1,0,13761848,19556130,2308487286104765121,1361355178.095977,-16004,-11896,7048,nan,0.000000
2,5,1,0,13761848,19556130,2308487286104767742,1361355178.095977,-15616,-5588,5352,nan,0.000000
2,5,1,0,13761848,19556130,2308487286104770363,1361355178.095977,-11244,-5060,1656,nan,0.000000
2,5,1,0,13761848,19556130,2308487286104772984,1361355178.095977,-16144,-7984,3324,nan,0.000000
1,5,2,0,13843131,19637205,-8639161026857584605,1361355178.097129,-13332,-7916,3336,nan,0.000000
1,5,2,0,13843131,19637205,-8639161026857581984,1361355178.097129,-10304,-9780,2276,nan,0.000000
2,5,3,0,13843131,19637237,-8639161026857579363,1361355178.097732,-11212,-9212,3440,nan,0.000000
2,5,3,0,13843131,19637237,-8639161026857576742,1361355178.097732,-16148,-8740,5868,nan,0.000000
2,5,3,0,13843131,19637237,-8639161026857574121,1361355178.097732,-17600,-11600,6960,nan,0.000000
2,5,3,0,13843131,19637237,-8639161026857571500,1361355178.097732,-17788,-7172,2204,nan,0.000000
2,5,3,0,13843131,19637237,-8639161026857568879,1361355178.097732,-13364,-324,2604,nan,0.000000
2,5,4,0,13843131,19637269,-8639161026857566258,1361355178.098606,-16232,-7148,2920,nan,0.000000
2,5,4,0,13843131,19637269,-8639161026857563637,1361355178.098606,-12176,-8824,2828,nan,0.000000
2,5,4,0,13843131,19637269,-8639161026857561016,1361355178.098606,-10836,-3964,2028,nan,0.000000
2,5,4,0,13843131,19637269,-8639161026857558395,1361355178.098606,-12672,-5856,5996,nan,0.000000
2,5,4,0,13843131,19637269,-8639161026857555774,1361355178.098606,-13312,-6480,5156,nan,0.000000
2,5,5,0,13843131,19637301,-8639161026857553153,1361355178.099593,-17020,-10200,6232,nan,0.000000
2,5,5,0,13843131,19637301,-8639161026857550532,1361355178.099593,-12952,-14892,5012,nan,0.000000
2,5,5,0,13843131,19637301,-8639161026857547911,1361355178.099593,-17108,-6828,3484,nan,0.000000
2,5,5,0,13843131,19637301,-8639161026857545290,1361355178.099593,-14864,-4208,1372,nan,0.000000
2,5,5,0,13843131,19637301,-8639161026857542669,1361355178.099593,-15208,-9572,3204,nan,0.000000
2,5,6,0,13843131,19637333,-8639161026857540048,1361355178.100770,-12224,-2992,1576,nan,0.000000
2,5,6,0,13843131,19637333,-8639161026857537427,1361355178.100770,-11948,-5856,1668,nan,0.000000
2,5,6,0,13843131,19637333,-8639161026857534806,1361355178.100770,-11304,-8616,2436,nan,0.000000
2,5,6,0,13843131,19637333,-8639161026857532185,1361355178.100770,-13416,-9876,3432,nan,0.000000
2,5,6,0,13843131,19637333,-8639161026857529564,1361355178.100770,-21932,-9848,9116,nan,0.000000
2,5,7,0,13843131,19637365,-8639161026857526943,1361355178.101610,-16460,-7032,-1024,nan,0.000000
2,5,7,0,13843131,19637365,-8639161026857524322,1361355178.101610,-16864,2396,3256,nan,0.000000
2,5,7,0,13843131,19637365,-8639161026857521701,1361355178.101610,-15792,-6656,1928,nan,0.000000
2,5,7,0,13843131,19637365,-8639161026857519080,1361355178.101610,-11500,-9676,2132,nan,0.000000
2,5,7,0,13843131,19637365,-8639161026857516459,1361355178.101610,-10744,-3876,2632,nan,0.000000
2,5,8,0,13843131,19637397,-8639161026857513838,1361355180.575900,-12532,-5408,5596,nan,0.000000
2,5,8,0,13843131,19637397,-8639161026857511217,1361355180.575900,-13108,-6568,5004,nan,0.000000
2,5,8,0,13843131,19637397,-8639161026857508596,1361355180.575900,-18372,-10440,9360,nan,0.000000
2,5,8,0,13843131,19637397,-8639161026857505975,1361355180.575900,-13652,-14540,6640,nan,0.000000
2,5,8,0,13843131,19637397,-8639161026857503354,1361355180.575900,-14640,-5292,3528,nan,0.000000
1,5,9,0,13924413,19718493,-8353235135540437995,1361355180.577643,-13508,-7028,3932,nan,0.000000
1,5,9,0,13924413,19718493,-8353235135540435374,1361355180.577643,-10916,-3284,2672,nan,0.000000
2,5,10,0,13924413,19718524,-8353235135540432753,1361355180.578033,-12380,-8716,3516,nan,0.000000
2,5,10,0,13924413,19718524,-8353235135540430132,1361355180.578033,-10652,-8652,2684,nan,0.000000
2,5,10,0,13924413,19718524,-8353235135540427511,1361355180.578033,-15624,-10360,6608,nan,0.000000
2,5,10,0,13924413,19718524,-8353235135540424890,1361355180.578033,-18068,-13208,6160,nan,0.000000
2,5,10,0,13924413,19718524,-8353235135540422269,1361355180.578033,-15864,-3744,3092,nan,0.000000
2,5,11,0,13924413,19718556,-8353235135540419648,1361355180.578975,-16928,168,6188,nan,0.000000
2,5,11,0,13924413,19718556,-8353235135540417027,1361355180.578975,-13812,-12916,3736,nan,0.000000
2,5,11,0,13924413,19718556,-8353235135540414406,1361355180.578975,-9632,-4248,1612,nan,0.000000
2,5,11,0,13924413,19718556,-8353235135540411785,1361355180.578975,-11272,-4068,6500,nan,0.000000
2,5,11,0,13924413,19718556,-8353235135540409164,1361355180.578975,-11236,-6184,5712,nan,0.000000
2,5,12,0,13924413,19718588,-8353235135540406543,1361355180.579815,-15448,-9048,6576,nan,0.000000
2,5,12,0,13924413,19718588,-8353235135540403922,1361355180.579815,-13496,-14052,10432,nan,0.000000
2,5,12,0,13924413,19718588,-8353235135540401301,1361355180.579815,-13180,-11812,4268,nan,0.000000
2,5,12,0,13924413,19718588,-8353235135540398680,1361355180.579815,-16536,-4904,5064,nan,0.000000
2,5,12,0,13924413,19718588,-8353235135540396059,1361355180.579815,-13568,-10488,4276,nan,0.000000
2,5,13,0,13924413,19718620,-8353235135540393438,1361355180.580532,-12456,-5128,3580,nan,0.000000
2,5,13,0,13924413,19718620,-8353235135540390817,1361355180.580532,-10748,-4528,1936,nan,0.000000
2,5,13,0,13924413,19718620,-8353235135540388196,1361355180.580532,-11436,-9984,2984,nan,0.000000
2,5,13,0,13924413,19718620,-8353235135540385575,1361355180.580532,-11456,-9576,2508,nan,0.000000
2,5,13,0,13924413,19718620,-8353235135540382954,1361355180.580532,-20884,-11424,9056,nan,0.000000
2,5,14,0,13924413,19718652,-8353235135540380333,1361355180.581512,-17616,-9364,1076,nan,0.000000
2,5,14,0,13924413,19718652,-8353235135540377712,1361355180.581512,-14864,800,3200,nan,0.000000
2,5,14,0,13924413,19718652,-8353235135540375091,1361355180.581512,-16836,-5776,3652,nan,0.000000
2,5,14,0,13924413,19718652,-8353235135540372470,1361355180.581512,-10508,-10888,1680,nan,0.000000
2,5,14,0,13924413,19718652,-8353235135540369849,1361355180.581512,-10512,-4860,2632,nan,0.000000
2,5,15,0,13924413,19718684,-8353235135540367228,1361355183.055840,-12184,-5280,4956,nan,0.000000
2,5,15,0,13924413,19718684,-8353235135540364607,1361355183.055840,-12704,-6680,4628,nan,0.000000
2,5,15,0,13924413,19718684,-8353235135540361986,1361355183.055840,-18348,-10436,8132,nan,0.000000
2,5,15,0,13924413,19718684,-8353235135540359365,1361355183.055840,-12988,-16380,4988,nan,0.000000
2,5,15,0,13924413,19718684,-8353235135540356744,1361355183.055840,-15016,-6684,2748,nan,0.000000
1,5,0,0,14005695,19799778,1446474502208642067,1361355183.057499,-12944,-9248,3316,nan,0.000000
1,5,0,0,14005695,19799778,1446474502208644688,1361355183.057499,-11400,-2688,1548,nan,0.000000
2,5,1,0,14005695,19799810,1446474502208647309,1361355183.058095,-11372,-7652,2560,nan,0.000000
2,5,1,0,14005695,19799810,1446474502208649930,1361355183.058095,-11048,-9056,1144,nan,0.000000
2,5,1,0,14005695,19799810,1446474502208652551,1361355183.058095,-18560,-10792,5776,nan,0.000000
2,5,1,0,14005695,19799810,1446474502208655172,1361355183.058095,-19740,-9496,5312,nan,0.000000
2,5,1,0,14005695,19799810,1446474502208657793,1361355183.058095,-14748,-1996,-836,nan,0.000000
2,5,2,0,14005695,19799841,1446474502208660414,1361355183.059482,-17884,-564,4356,nan,0.000000
2,5,2,0,14005695,19799841,1446474502208663035,1361355183.059482,-13256,-13428,2572,nan,0.000000
2,5,2,0,14005695,19799841,1446474502208665656,1361355183.059482,-9492,-3772,860,nan,0.000000
2,5,2,0,14005695,19799841,1446474502208668277,1361355183.059482,-11816,-4056,4140,nan,0.000000
2,5,2,0,14005695,19799841,1446474502208670898,1361355183.059482,-13140,-6812,5860,nan,0.000000
2,5,3,0,14005695,19799874,1446474502208673519,1361355183.061303,-17580,-8220,6180,nan,0.000000
2,5,3,0,14005695,19799874,1446474502208676140,1361355183.061303,-14256,-15684,7144,nan,0.000000
2,5,3,0,14005695,19799874,1446474502208678761,1361355183.061303,-15604,-8776,2372,nan,0.000000
2,5,3,0,14005695,19799874,1446474502208681382,1361355183.061303,-15880,-4144,3424,nan,0.000000
2,5,3,0,14005695,19799874,1446474502208684003,1361355183.061303,-14348,-10668,3800,nan,0.000000
2,5,4,0,14005695,19799905,1446474502208686624,1361355183.065919,-10688,-1668,1464,nan,0.000000
2,5,4,0,14005695,19799905,1446474502208689245,1361355183.065919,-11792,-5992,2004,nan,0.000000
2,5,4,0,14005695,19799905,1446474502208691866,1361355183.065919,-11408,-8944,1948,nan,0.000000
2,5,4,0,14005695,19799905,1446474502208694487,1361355183.065919,-16916,-9884,6360,nan,0.000000
2,5,4,0,14005695,19799905,1446474502208697108,1361355183.065919,-19852,-10496,7520,nan,0.000000
2,5,5,0,14005695,19799938,1446474502208699729,1361355183.069514,-16448,-2880,1088,nan,0.000000
2,5,5,0,14005695,19799938,1446474502208702350,1361355183.069514,-16824,424,5540,nan,0.000000
2,5,5,0,14005695,19799938,1446474502208704971,1361355183.069514,-14284,-12244,2496,nan,0.000000
2,5,5,0,14005695,19799938,1446474502208707592,1361355183.069514,-8680,-2804,2832,nan,0.000000
2,5,5,0,14005695,19799938,1446474502208710213,1361355183.069514,-11208,-4176,5540,nan,0.000000
1,5,7,0,14086977,20124924,7214499242889544731,1361355192.979698,-10104,-4324,2660,nan,0.000000
1,5,7,0,14086977,20124924,7214499242889547352,1361355192.979698,-11580,-11424,2204,nan,0.000000
2,5,8,0,14086977,20124956,7214499242889549973,1361355192.981259,-10364,-11928,1668,nan,0.000000
2,5,8,0,14086977,20124956,7214499242889552594,1361355192.981259,-16528,-11864,6332,nan,0.000000
2,5,8,0,14086977,20124956,7214499242889555215,1361355192.981259,-16492,-11148,2408,nan,0.000000
2,5,8,0,14086977,20124956,7214499242889557836,1361355192.981259,-16776,-1116,8348,nan,0.000000
2,5,8,0,14086977,20124956,7214499242889560457,1361355192.981259,-16692,-9428,7576,nan,0.000000
2,5,9,0,14086977,20124988,7214499242889563078,1361355192.982191,-10280,-6444,1632,nan,0.000000
2,5,9,0,14086977,20124988,7214499242889565699,1361355192.982191,-10144,-5408,6356,nan,0.000000
2,5,9,0,14086977,20124988,7214499242889568320,1361355192.982191,-9224,-5120,5224,nan,0.000000
2,5,9,0,14086977,20124988,7214499242889570941,1361355192.982191,-11436,-7496,5168,nan,0.000000
2,5,9,0,14086977,20124988,7214499242889573562,1361355192.982191,-16236,-12168,9216,nan,0.000000
2,5,10,0,14086977,20125020,7214499242889576183,1361355192.983280,-16472,-11764,5340,nan,0.000000
2,5,10,0,14086977,20125020,7214499242889578804,1361355192.983280,-15216,-4752,5616,nan,0.000000
2,5,10,0,14086977,20125020,7214499242889581425,1361355192.983280,-17980,-10076,5972,nan,0.000000
2,5,10,0,14086977,20125020,7214499242889584046,1361355192.983280,-10172,-4440,2816,nan,0.000000
2,5,10,0,14086977,20125020,7214499242889586667,1361355192.983280,-9760,-6860,2432,nan,0.000000
2,5,11,0,14086977,20125052,7214499242889589288,1361355192.984010,-10148,-9520,2144,nan,0.000000
2,5,11,0,14086977,20125052,7214499242889591909,1361355192.984010,-12392,-10504,3176,nan,0.000000
2,5,11,0,14086977,20125052,7214499242889594530,1361355192.984010,-17536,-11352,7652,nan,0.000000
2,5,11,0,14086977,20125052,7214499242889597151,1361355192.984010,-16712,-9804,1096,nan,0.000000
2,5,11,0,14086977,20125052,7214499242889599772,1361355192.984010,-18144,1408,6088,nan,0.000000
2,5,12,0,14086977,20125084,7214499242889602393,1361355192.985225,-16756,-9436,3832,nan,0.000000
2,5,12,0,14086977,20125084,7214499242889605014,1361355192.985225,-9984,-7112,1956,nan,0.000000
2,5,12,0,14086977,20125084,7214499242889607635,1361355192.985225,-11356,-4280,4940,nan,0.000000
2,5,12,0,14086977,20125084,7214499242889610256,1361355192.985225,-10788,-5504,5964,nan,0.000000
2,5,12,0,14086977,20125084,7214499242889612877,1361355192.985225,-11472,-7328,5692,nan,0.000000
2,5,13,0,14086977,20125116,7214499242889615498,1361355192.986045,-16780,-11364,9340,nan,0.000000
2,5,13,0,14086977,20125116,7214499242889618119,1361355192.986045,-16216,-13120,5856,nan,0.000000
2,5,13,0,14086977,20125116,7214499242889620740,1361355192.986045,-15112,-3724,4564,nan,0.000000
2,5,13,0,14086977,20125116,7214499242889623361,1361355192.986045,-17188,-8960,4104,nan,0.000000
2,5,13,0,14086977,20125116,7214499242889625982,1361355192.986045,-13340,-5088,3460,nan,0.000000
1,5,14,0,14168259,20125148,-2299438574489011164,1361355192.987220,-11396,-8284,2576,nan,0.000000
1,5,14,15,14168259,20125148,-2299438574489008543,1361355192.987220,-10236,-9444,2092,nan,0.000000
2,5,15,15,14168259,20125180,-2299438574489005922,1361355192.987671,-16968,-11264,7648,nan,0.000000
2,5,15,15,14168259,20125180,-2299438574489003301,1361355192.987671,-18004,-11212,5460,nan,0.000000
2,5,15,15,14168259,20125180,-2299438574489000680,1361355192.987671,-16464,-2660,1744,nan,0.000000
2,5,15,15,14168259,20125180,-2299438574488998059,1361355192.987671,-17316,1392,4892,nan,0.000000
2,5,15,15,14168259,20125180,-2299438574488995438,1361355192.987671,-14540,-12964,2396,nan,0.000000
2,5,0,15,14168259,20125212,-2299438574488992817,1361355192.989267,-9116,-3780,2236,nan,0.000000
2,5,0,15,14168259,20125212,-2299438574488990196,1361355192.989267,-11452,-4808,5728,nan,0.000000
2,5,0,15,14168259,20125212,-2299438574488987575,1361355192.989267,-11172,-7528,5504,nan,0.000000
2,5,0,15,14168259,20125212,-2299438574488984954,1361355192.989267,-15428,-8084,7272,nan,0.000000
2,5,0,15,14168259,20125212,-2299438574488982333,1361355192.989267,-14972,-14348,9116,nan,0.000000
2,5,1,15,14168259,20125244,-2299438574488979712,1361355192.990263,-16816,-9492,3512,nan,0.000000
2,5,1,15,14168259,20125244,-2299438574488977091,1361355192.990263,-13880,-3580,4004,nan,0.000000
2,5,1,15,14168259,20125244,-2299438574488974470,1361355192.990263,-17312,-9980,3572,nan,0.000000
2,5,1,15,14168259,20125244,-2299438574488971849,1361355192.990263,-12140,-3132,2980,nan,0.000000
2,5,1,15,14168259,20125244,-2299438574488969228,1361355192.990263,-12820,-4744,2744,nan,0.000000
2,5,2,15,14168259,20125275,-2299438574488966607,1361355192.991267,-10460,-10008,2548,nan,0.000000
2,5,2,15,14168259,20125275,-2299438574488963986,1361355192.991267,-10044,-9968,1920,nan,0.000000
2,5,2,15,14168259,20125275,-2299438574488961365,1361355192.991267,-19032,-11464,9732,nan,0.000000
2,5,2,15,14168259,20125275,-2299438574488958744,1361355192.991267,-18360,-9832,4352,nan,0.000000
2,5,2,15,14168259,20125275,-2299438574488956123,1361355192.991267,-16112,120,2572,nan,0.000000
2,5,3,15,14168259,20125308,-2299438574488953502,1361355192.992065,-17092,-2240,3224,nan,0.000000
2,5,3,15,14168259,20125308,-2299438574488950881,1361355192.992065,-12672,-11856,2684,nan,0.000000
2,5,3,15,14168259,20125308,-2299438574488948260,1361355192.992065,-9416,-3384,3028,nan,0.000000
2,5,3,15,14168259,20125308,-2299438574488945639,1361355192.992065,-11104,-4972,4608,nan,0.000000
2,5,3,15,14168259,20125308,-2299438574488943018,1361355192.992065,-13300,-7748,6784,nan,0.000000
2,5,4,15,14168259,20125339,-2299438574488940397,1361355192.993224,-16912,-9240,8160,nan,0.000000
2,5,4,15,14168259,20125339,-2299438574488937776,1361355192.993224,-13260,-15564,6780,nan,0.000000
2,5,4,15,14168259,20125339,-2299438574488935155,1361355192.993224,-16112,-7716,2812,nan,0.000000
2,5,4,15,14168259,20125339,-2299438574488932534,1361355192.993224,-15232,-5584,3456,nan,0.000000
2,5,4,15,14168259,20125339,-2299438574488929913,1361355192.993224,-14512,-9532,3748,nan,0.000000
1,5,5,0,14249542,20125372,8942518023106650143,1361355192.993800,-11480,-7800,2456,nan,0.000000
1,5,5,0,14249542,20125372,8942518023106652764,1361355192.993800,-10068,-9916,2596,nan,0.000000
2,5,6,0,14249542,20125403,8942518023106655385,1361355192.995249,-14480,-10032,4264,nan,0.000000
2,5,6,0,14249542,20125403,8942518023106658006,1361355192.995249,-19964,-11296,9188,nan,0.000000
2,5,6,0,14249542,20125403,8942518023106660627,1361355192.995249,-15900,-6520,516,nan,0.000000
2,5,6,0,14249542,20125403,8942518023106663248,1361355192.995249,-16628,940,5536,nan,0.000000
2,5,6,0,14249542,20125403,8942518023106665869,1361355192.995249,-15132,-8864,3068,nan,0.000000
2,5,7,0,14249542,20125436,8942518023106668490,1361355192.995917,-10384,-7608,2896,nan,0.000000
2,5,7,0,14249542,20125436,8942518023106671111,1361355192.995917,-11092,-4852,4644,nan,0.000000
2,5,7,0,14249542,20125436,8942518023106673732,1361355192.995917,-11584,-6316,5732,nan,0.000000
2,5,7,0,14249542,20125436,8942518023106676353,1361355192.995917,-13972,-6568,6876,nan,0.000000
2,5,7,0,14249542,20125436,8942518023106678974,1361355192.995917,-15596,-12656,8704,nan,0.000000
2,5,8,0,14249542,20125467,8942518023106681595,1361355192.997238,-15996,-12068,3576,nan,0.000000
2,5,8,0,14249542,20125467,8942518023106684216,1361355192.997238,-14084,-4112,4748,nan,0.000000
2,5,8,0,14249542,20125467,8942518023106686837,1361355192.997238,-17172,-9404,3184,nan,0.000000
2,5,8,0,14249542,20125467,8942518023106689458,1361355192.997238,-12800,-4344,4436,nan,0.000000
2,5,8,0,14249542,20125467,8942518023106692079,1361355192.997238,-11928,-4412,2420,nan,0.000000
2,5,9,0,14249542,20125500,8942518023106694700,1361355192.999372,-10692,-9444,2264,nan,0.000000
2,5,9,0,14249542,20125500,8942518023106697321,1361355192.999372,-12140,-8488,3180,nan,0.000000
2,5,9,0,14249542,20125500,8942518023106699942,1361355192.999372,-16528,-10800,7096,nan,0.000000
2,5,9,0,14249542,20125500,8942518023106702563,1361355192.999372,-18676,-9644,5544,nan,0.000000
2,5,9,0,14249542,20125500,8942518023106705184,1361355192.999372,-16544,-1492,2572,nan,0.000000
2,5,10,0,14249542,20125531,8942518023106707805,1361355193.000146,-15064,0,3452,nan,0.000000
2,5,10,0,14249542,20125531,8942518023106710426,1361355193.000146,-15392,-13652,2912,nan,0.000000
2,5,10,0,14249542,20125531,8942518023106713047,1361355193.000146,-10420,-4400,3416,nan,0.000000
2,5,10,0,14249542,20125531,8942518023106715668,1361355193.000146,-10760,-4412,4468,nan,0.000000
2,5,10,0,14249542,20125531,8942518023106718289,1361355193.000146,-12288,-6292,5604,nan,0.000000
2,5,11,0,14249542,20125563,8942518023106720910,1361355193.000710,-15620,-8040,7316,nan,0.000000
2,5,11,0,14249542,20125563,8942518023106723531,1361355193.000710,-14304,-13472,7396,nan,0.000000
2,5,11,0,14249542,20125563,8942518023106726152,1361355193.000710,-15620,-12492,5420,nan,0.000000
2,5,11,0,14249542,20125563,8942518023106728773,1361355193.000710,-14404,-3376,3468,nan,0.000000
2,5,11,0,14249542,20125563,8942518023106731394,1361355193.000710,-15880,-9876,3992,nan,0.000000
1,5,12,0,14330826,20125595,-2009624908169440228,1361355193.001255,-12076,-2524,1508,nan,0.000000
1,5,12,0,14330826,20125595,-2009624908169437607,1361355193.001255,-12744,-10256,3264,nan,0.000000
2,5,13,0,14330826,20125628,-2009624908169434986,1361355193.001622,-10876,-10304,3136,nan,0.000000
2,5,13,0,14330826,20125628,-2009624908169432365,1361355193.001622,-15408,-10600,6220,nan,0.000000
2,5,13,0,14330826,20125628,-2009624908169429744,1361355193.001622,-19500,-10844,7712,nan,0.000000
2,5,13,0,14330826,20125628,-2009624908169427123,1361355193.001622,-14844,-4108,476,nan,0.000000
2,5,13,0,14330826,20125628,-2009624908169424502,1361355193.001622,-15508,756,5112,nan,0.000000
2,5,14,0,14330826,20125659,-2009624908169421881,1361355193.003247,-14676,-9324,3084,nan,0.000000
2,5,14,0,14330826,20125659,-2009624908169419260,1361355193.003247,-10432,-5632,2540,nan,0.000000
2,5,14,0,14330826,20125659,-2009624908169416639,1361355193.003247,-11376,-4688,4424,nan,0.000000
2,5,14,0,14330826,20125659,-2009624908169414018,1361355193.003247,-13196,-6596,6948,nan,0.000000
2,5,14,0,14330826,20125659,-2009624908169411397,1361355193.003247,-15220,-7232,5660,nan,0.000000
2,5,15,0,14330826,20125692,-2009624908169408776,1361355193.003885,-16968,-13308,9400,nan,0.000000
2,5,15,0,14330826,20125692,-2009624908169406155,1361355193.003885,-15512,-11908,3688,nan,0.000000
2,5,15,0,14330826,20125692,-2009624908169403534,1361355193.003885,-13812,-3212,2372,nan,0.000000
2,5,15,0,14330826,20125692,-2009624908169400913,1361355193.003885,-16272,-9504,2792,nan,0.000000
2,5,15,0,14330826,20125692,-2009624908169398292,1361355193.003885,-11736,-3188,2924,nan,0.000000
2,5,0,0,14330826,20125723,-2009624908169395671,1361355193.005220,-12104,-4160,1972,nan,0.000000
2,5,0,0,14330826,20125723,-2009624908169393050,1361355193.005220,-11300,-9928,3620,nan,0.000000
2,5,0,0,14330826,20125723,-2009624908169390429,1361355193.005220,-12264,-9500,3412,nan,0.000000
2,5,0,0,14330826,20125723,-2009624908169387808,1361355193.005220,-20132,-10824,9504,nan,0.000000
2,5,0,0,14330826,20125723,-2009624908169385187,1361355193.005220,-17460,-8116,2268,nan,0.000000
2,5,1,0,14330826,20125756,-2009624908169382566,1361355193.007882,-15648,1400,3268,nan,0.000000
2,5,1,0,14330826,20125756,-2009624908169379945,1361355193.007882,-16336,-5020,4104,nan,0.000000
2,5,1,0,14330826,20125756,-2009624908169377324,1361355193.007882,-11372,-10912,1904,nan,0.000000
2,5,1,0,14330826,20125756,-2009624908169374703,1361355193.007882,-10256,-3452,4124,nan,0.000000
2,5,1,0,14330826,20125756,-2009624908169372082,1361355193.007882,-11936,-4928,5572,nan,0.000000
2,5,2,0,14330826,20125787,-2009624908169369461,1361355195.459554,-14068,-7556,6152,nan,0.000000
2,5,2,0,14330826,20125787,-2009624908169366840,1361355195.459554,-17568,-9716,7904,nan,0.000000
2,5,2,0,14330826,20125787,-2009624908169364219,1361355195.459554,-13144,-15484,5248,nan,0.000000
2,5,2,0,14330826,20125787,-2009624908169361598,1361355195.459554,-16652,-5520,3272,nan,0.000000
2,5,2,0,14330826,20125787,-2009624908169358977,1361355195.459554,-15044,-5916,2624,nan,0.000000
1,5,3,0,14412110,20206214,-2297384627847100392,1361355195.461194,-12328,-1980,2724,nan,0.000000
1,5,3,0,14412110,20206214,-2297384627847097771,1361355195.461194,-11596,-7692,2168,nan,0.000000
2,5,4,0,14412110,20206246,-2297384627847095150,1361355195.461789,-11564,-8572,3176,nan,0.000000
2,5,4,0,14412110,20206246,-2297384627847092529,1361355195.461789,-16392,-10032,6128,nan,0.000000
2,5,4,0,14412110,20206246,-2297384627847089908,1361355195.461789,-19588,-10168,7684,nan,0.000000
2,5,4,0,14412110,20206246,-2297384627847087287,1361355195.461789,-15964,-4120,1092,nan,0.000000
2,5,4,0,14412110,20206246,-2297384627847084666,1361355195.461789,-15804,1780,3304,nan,0.000000
2,5,5,0,14412110,20206278,-2297384627847082045,1361355195.463198,-14652,-9584,3400,nan,0.000000
2,5,5,0,14412110,20206278,-2297384627847079424,1361355195.463198,-10644,-5428,2280,nan,0.000000
2,5,5,0,14412110,20206278,-2297384627847076803,1361355195.463198,-12620,-4164,5284,nan,0.000000
2,5,5,0,14412110,20206278,-2297384627847074182,1361355195.463198,-12112,-6136,5640,nan,0.000000
2,5,5,0,14412110,20206278,-2297384627847071561,1361355195.463198,-14804,-6212,5156,nan,0.000000
2,5,6,0,14412110,20206310,-2297384627847068940,1361355195.464209,-16436,-11840,10368,nan,0.000000
2,5,6,0,14412110,20206310,-2297384627847066319,1361355195.464209,-14152,-12832,3680,nan,0.000000
2,5,6,0,14412110,20206310,-2297384627847063698,1361355195.464209,-16552,-2724,4100,nan,0.000000
2,5,6,0,14412110,20206310,-2297384627847061077,1361355195.464209,-15688,-10084,3300,nan,0.000000
2,5,6,0,14412110,20206310,-2297384627847058456,1361355195.464209,-12616,-4060,3472,nan,0.000000
2,5,7,0,14412110,20206342,-2297384627847055835,1361355195.465182,-12284,-2748,2400,nan,0.000000
2,5,7,0,14412110,20206342,-2297384627847053214,1361355195.465182,-11780,-8844,3548,nan,0.000000
2,5,7,0,14412110,20206342,-2297384627847050593,1361355195.465182,-11684,-8780,4172,nan,0.000000
2,5,7,0,14412110,20206342,-2297384627847047972,1361355195.465182,-17396,-10476,7680,nan,0.000000
2,5,7,0,14412110,20206342,-2297384627847045351,1361355195.465182,-18680,-8604,5648,nan,0.000000
2,5,8,0,14412110,20206374,-2297384627847042730,1361355195.465852,-15372,-572,2668,nan,0.000000
2,5,8,0,14412110,20206374,-2297384627847040109,1361355195.465852,-16188,-2224,4808,nan,0.000000
2,5,8,0,14412110,20206374,-2297384627847037488,1361355195.465852,-12140,-11308,2824,nan,0.000000
2,5,8,0,14412110,20206374,-2297384627847034867,1361355195.465852,-10820,-3844,4028,nan,0.000000
2,5,8,0,14412110,20206374,-2297384627847032246,1361355195.465852,-11976,-4940,5892,nan,0.000000
2,5,9,0,14412110,20206406,-2297384627847029625,1361355197.941464,-12708,-7180,5916,nan,0.000000
2,5,9,0,14412110,20206406,-2297384627847027004,1361355197.941464,-16136,-8040,7048,nan,0.000000
2,5,9,0,14412110,20206406,-2297384627847024383,1361355197.941464,-13484,-15296,9196,nan,0.000000
2,5,9,0,14412110,20206406,-2297384627847021762,1361355197.941464,-17032,-8856,3292,nan,0.000000
2,5,9,0,14412110,20206406,-2297384627847019141,1361355197.941464,-14112,-4208,2904,nan,0.000000
1,5,10,0,14493392,20287500,-8639143368166728681,1361355197.942633,-12068,-2252,3016,nan,0.000000
1,5,10,0,14493392,20287500,-8639143368166726060,1361355197.942633,-11524,-6160,2612,nan,0.000000
2,5,11,0,14493392,20287531,-8639143368166723439,1361355197.943097,-11024,-9016,4436,nan,0.000000
2,5,11,0,14493392,20287531,-8639143368166720818,1361355197.943097,-14212,-9028,4936,nan,0.000000
2,5,11,0,14493392,20287531,-8639143368166718197,1361355197.943097,-18020,-10732,9660,nan,0.000000
2,5,11,0,14493392,20287531,-8639143368166715576,1361355197.943097,-16708,-7312,2172,nan,0.000000
2,5,11,0,14493392,20287531,-8639143368166712955,1361355197.943097,-15896,1280,3708,nan,0.000000
2,5,12,0,14493392,20287564,-8639143368166710334,1361355197.943987,-16204,-6128,4728,nan,0.000000
2,5,12,0,14493392,20287564,-8639143368166707713,1361355197.943987,-11388,-9352,2060,nan,0.000000
2,5,12,0,14493392,20287564,-8639143368166705092,1361355197.943987,-11288,-4020,4628,nan,0.000000
2,5,12,0,14493392,20287564,-8639143368166702471,1361355197.943987,-10936,-5352,4880,nan,0.000000
2,5,12,0,14493392,20287564,-8639143368166699850,1361355197.943987,-14424,-6924,5844,nan,0.000000
2,5,13,0,14493392,20287595,-8639143368166697229,1361355197.945117,-17028,-9116,8480,nan,0.000000
2,5,13,0,14493392,20287595,-8639143368166694608,1361355197.945117,-13396,-14488,6488,nan,0.000000
2,5,13,0,14493392,20287595,-8639143368166691987,1361355197.945117,-16940,-6440,2148,nan,0.000000
2,5,13,0,14493392,20287595,-8639143368166689366,1361355197.945117,-15340,-6832,2508,nan,0.000000
2,5,13,0,14493392,20287595,-8639143368166686745,1361355197.945117,-13860,-7316,4000,nan,0.000000
2,5,14,0,14493392,20287628,-8639143368166684124,1361355197.946075,-12152,-2004,1800,nan,0.000000
2,5,14,0,14493392,20287628,-8639143368166681503,1361355197.946075,-12272,-7460,2396,nan,0.000000
2,5,14,0,14493392,20287628,-8639143368166678882,1361355197.946075,-11516,-8760,3920,nan,0.000000
2,5,14,0,14493392,20287628,-8639143368166676261,1361355197.946075,-16128,-10244,5716,nan,0.000000
2,5,14,0,14493392,20287628,-8639143368166673640,1361355197.946075,-18344,-9896,7648,nan,0.000000
2,5,15,0,14493392,20287659,-8639143368166671019,1361355197.947137,-16168,-5284,2144,nan,0.000000
2,5,15,0,14493392,20287659,-8639143368166668398,1361355197.947137,-15336,28,3828,nan,0.000000
2,5,15,0,14493392,20287659,-8639143368166665777,1361355197.947137,-14712,-10708,4212,nan,0.000000
2,5,15,0,14493392,20287659,-8639143368166663156,1361355197.947137,-10868,-6420,2164,nan,0.000000
2,5,15,0,14493392,20287659,-8639143368166660535,1361355197.947137,-11792,-4944,4784,nan,0.000000
2,5,0,0,14493392,20287692,-8639143368166657914,1361355200.461439,-11968,-5980,4900,nan,0.000000
2,5,0,0,14493392,20287692,-8639143368166655293,1361355200.461439,-15052,-6500,5764,nan,0.000000
2,5,0,0,14493392,20287692,-8639143368166652672,1361355200.461439,-16256,-10572,7800,nan,0.000000
2,5,0,0,14493392,20287692,-8639143368166650051,1361355200.461439,-13760,-14108,4816,nan,0.000000
2,5,0,0,14493392,20287692,-8639143368166647430,1361355200.461439,-16760,-4612,3336,nan,0.000000
1,5,1,0,14574673,20370092,-8928776698673683437,1361355200.463437,-14612,-7348,4052,nan,0.000000
1,5,1,0,14574673,20370092,-8928776698673680816,1361355200.463437,-12504,-2440,2052,nan,0.000000
2,5,2,0,14574673,20370124,-8928776698673678195,1361355200.463986,-12700,-7696,2856,nan,0.000000
2,5,2,0,14574673,20370124,-8928776698673675574,1361355200.463986,-12636,-8628,3272,nan,0.000000
2,5,2,0,14574673,20370124,-8928776698673672953,1361355200.463986,-13960,-9288,5164,nan,0.000000
2,5,2,0,14574673,20370124,-8928776698673670332,1361355200.463986,-19260,-9708,7300,nan,0.000000
2,5,2,0,14574673,20370124,-8928776698673667711,1361355200.463986,-17440,-6040,3532,nan,0.000000
2,5,3,0,14574673,20370155,-8928776698673665090,1361355200.465240,-13444,-340,2100,nan,0.000000
2,5,3,0,14574673,20370155,-8928776698673662469,1361355200.465240,-15972,-5472,4392,nan,0.000000
2,5,3,0,14574673,20370155,-8928776698673659848,1361355200.465240,-12888,-8136,3516,nan,0.000000
2,5,3,0,14574673,20370155,-8928776698673657227,1361355200.465240,-11336,-4668,3508,nan,0.000000
2,5,3,0,14574673,20370155,-8928776698673654606,1361355200.465240,-12576,-6120,6432,nan,0.000000
2,5,4,0,14574673,20370187,-8928776698673651985,1361355200.466582,-12960,-6536,5300,nan,0.000000
2,5,4,0,14574673,20370187,-8928776698673649364,1361355200.466582,-15924,-7712,6468,nan,0.000000
2,5,4,0,14574673,20370187,-8928776698673646743,1361355200.466582,-12876,-14100,7776,nan,0.000000
2,5,4,0,14574673,20370187,-8928776698673644122,1361355200.466582,-18116,-8476,4684,nan,0.000000
2,5,4,0,14574673,20370187,-8928776698673641501,1361355200.466582,-11876,-2912,3496,nan,0.000000
2,5,5,0,14574673,20370219,-8928776698673638880,1361355200.467622,-18156,-10284,3220,nan,0.000000
2,5,5,0,14574673,20370219,-8928776698673636259,1361355200.467622,-12952,-2732,3904,nan,0.000000
2,5,5,0,14574673,20370219,-8928776698673633638,1361355200.467622,-12836,-4244,3112,nan,0.000000
2,5,5,0,14574673,20370219,-8928776698673631017,1361355200.467622,-11972,-8556,3124,nan,0.000000
2,5,5,0,14574673,20370219,-8928776698673628396,1361355200.467622,-12640,-8524,4420,nan,0.000000
2,5,6,0,14574673,20370251,-8928776698673625775,1361355200.468372,-15596,-9512,6500,nan,0.000000
2,5,6,0,14574673,20370251,-8928776698673623154,1361355200.468372,-16964,-9456,6420,nan,0.000000
2,5,6,0,14574673,20370251,-8928776698673620533,1361355200.468372,-17180,-3880,4232,nan,0.000000
2,5,6,0,14574673,20370251,-8928776698673617912,1361355200.468372,-14432,556,3740,nan,0.000000
2,5,6,0,14574673,20370251,-8928776698673615291,1361355200.468372,-16480,-8432,3652,nan,0.000000
2,5,7,0,14574673,20370283,-8928776698673612670,1361355202.903475,-11344,-5412,4132,nan,0.000000
2,5,7,0,14574673,20370283,-8928776698673610049,1361355202.903475,-11764,-4652,5048,nan,0.000000
2,5,7,0,14574673,20370283,-8928776698673607428,1361355202.903475,-12408,-6636,6264,nan,0.000000
2,5,7,0,14574673,20370283,-8928776698673604807,1361355202.903475,-14144,-6516,6616,nan,0.000000
2,5,7,0,14574673,20370283,-8928776698673602186,1361355202.903475,-15792,-9036,7468,nan,0.000000
1,5,8,0,14655956,20450072,-5182564631585872880,1361355202.904621,-18216,-4372,5564,nan,0.000000
1,5,8,0,14655956,20450072,-5182564631585870259,1361355202.904621,-13256,-3860,612,nan,0.000000
2,5,9,0,14655956,20450104,-5182564631585867638,1361355202.905143,-16568,-9176,6052,nan,0.000000
2,5,9,0,14655956,20450104,-5182564631585865017,1361355202.905143,-13272,-2508,2464,nan,0.000000
2,5,9,0,14655956,20450104,-5182564631585862396,1361355202.905143,-13020,-6496,2756,nan,0.000000
2,5,9,0,14655956,20450104,-5182564631585859775,1361355202.905143,-11888,-9108,3684,nan,0.000000
2,5,9,0,14655956,20450104,-5182564631585857154,1361355202.905143,-12380,-9392,4500,nan,0.000000
2,5,10,0,14655956,20450135,-5182564631585854533,1361355202.905976,-14988,-8932,7360,nan,0.000000
2,5,10,0,14655956,20450135,-5182564631585851912,1361355202.905976,-16984,-9544,6732,nan,0.000000
2,5,10,0,14655956,20450135,-5182564631585849291,1361355202.905976,-17492,-5612,3752,nan,0.000000
2,5,10,0,14655956,20450135,-5182564631585846670,1361355202.905976,-13464,992,3316,nan,0.000000
2,5,10,0,14655956,20450135,-5182564631585844049,1361355202.905976,-15804,-5168,3488,nan,0.000000
2,5,11,0,14655956,20450168,-5182564631585841428,1361355202.906815,-13560,-7592,4280,nan,0.000000
2,5,11,0,14655956,20450168,-5182564631585838807,1361355202.906815,-10860,-5484,3788,nan,0.000000
2,5,11,0,14655956,20450168,-5182564631585836186,1361355202.906815,-11948,-6580,5540,nan,0.000000
2,5,11,0,14655956,20450168,-5182564631585833565,1361355202.906815,-13664,-6456,6776,nan,0.000000
2,5,11,0,14655956,20450168,-5182564631585830944,1361355202.906815,-14932,-7476,6124,nan,0.000000
2,5,12,0,14655956,20450200,-5182564631585828323,1361355202.907773,-13956,-14048,8368,nan,0.000000
2,5,12,0,14655956,20450200,-5182564631585825702,1361355202.907773,-16716,-9956,5060,nan,0.000000
2,5,12,0,14655956,20450200,-5182564631585823081,1361355202.907773,-13888,-3584,3028,nan,0.000000
2,5,12,0,14655956,20450200,-5182564631585820460,1361355202.907773,-14936,-8912,2224,nan,0.000000
2,5,12,0,14655956,20450200,-5182564631585817839,1361355202.907773,-13680,-5140,5080,nan,0.000000
2,5,13,0,14655956,20450232,-5182564631585815218,1361355202.908628,-13144,-4364,2680,nan,0.000000
2,5,13,0,14655956,20450232,-5182564631585812597,1361355202.908628,-11916,-8804,3972,nan,0.000000
2,5,13,0,14655956,20450232,-5182564631585809976,1361355202.908628,-11760,-9356,4260,nan,0.000000
2,5,13,0,14655956,20450232,-5182564631585807355,1361355202.908628,-13572,-9196,6148,nan,0.000000
2,5,13,0,14655956,20450232,-5182564631585804734,1361355202.908628,-18120,-10300,8296,nan,0.000000
2,5,14,0,14655956,20450264,-5182564631585802113,1361355205.383333,-17324,-5212,4108,nan,0.000000
2,5,14,0,14655956,20450264,-5182564631585799492,1361355205.383333,-13992,176,2920,nan,0.000000
2,5,14,0,14655956,20450264,-5182564631585796871,1361355205.383333,-15468,-6528,4884,nan,0.000000
2,5,14,0,14655956,20450264,-5182564631585794250,1361355205.383333,-12416,-6012,3100,nan,0.000000
2,5,14,0,14655956,20450264,-5182564631585791629,1361355205.383333,-11568,-4500,4532,nan,0.000000
1,5,15,0,14737238,20531359,7497279520224381968,1361355205.384562,-14120,-5960,5604,nan,0.000000
1,5,15,0,14737238,20531359,7497279520224384589,1361355205.384562,-16696,-6336,6420,nan,0.000000
2,5,0,0,14737238,20531390,7497279520224387210,1361355205.385031,-13732,-14148,7788,nan,0.000000
2,5,0,0,14737238,20531390,7497279520224389831,1361355205.385031,-17024,-8468,4460,nan,0.000000
2,5,0,0,14737238,20531390,7497279520224392452,1361355205.385031,-12916,-3344,2264,nan,0.000000
2,5,0,0,14737238,20531390,7497279520224395073,1361355205.385031,-17276,-9800,2544,nan,0.000000
2,5,0,0,14737238,20531390,7497279520224397694,1361355205.385031,-13284,-3632,5404,nan,0.000000
2,5,1,0,14737238,20531423,7497279520224400315,1361355205.385838,-12116,-4532,2132,nan,0.000000
2,5,1,0,14737238,20531423,7497279520224402936,1361355205.385838,-11592,-9436,3068,nan,0.000000
2,5,1,0,14737238,20531423,7497279520224405557,1361355205.385838,-11676,-9608,3572,nan,0.000000
2,5,1,0,14737238,20531423,7497279520224408178,1361355205.385838,-15140,-10192,6988,nan,0.000000
2,5,1,0,14737238,20531423,7497279520224410799,1361355205.385838,-17644,-11132,7488,nan,0.000000
2,5,2,0,14737238,20531454,7497279520224413420,1361355205.386969,-16172,-5816,2996,nan,0.000000
2,5,2,0,14737238,20531454,7497279520224416041,1361355205.386969,-15040,-156,4408,nan,0.000000
2,5,2,0,14737238,20531454,7497279520224418662,1361355205.386969,-15040,-7176,4032,nan,0.000000
2,5,2,0,14737238,20531454,7497279520224421283,1361355205.386969,-11560,-7932,3596,nan,0.000000
2,5,2,0,14737238,20531454,7497279520224423904,1361355205.386969,-10224,-4520,3336,nan,0.000000
2,5,3,0,14737238,20531487,7497279520224426525,1361355205.388012,-11656,-6332,6080,nan,0.000000
2,5,3,0,14737238,20531487,7497279520224429146,1361355205.388012,-14816,-6788,6588,nan,0.000000
2,5,3,0,14737238,20531487,7497279520224431767,1361355205.388012,-17284,-12124,8968,nan,0.000000
2,5,3,0,14737238,20531487,7497279520224434388,1361355205.388012,-13520,-13996,3568,nan,0.000000
2,5,3,0,14737238,20531487,7497279520224437009,1361355205.388012,-15844,-3844,4004,nan,0.000000
2,5,4,0,14737238,20531518,7497279520224439630,1361355205.388998,-16324,-8540,3560,nan,0.000000
2,5,4,0,14737238,20531518,7497279520224442251,1361355205.388998,-12336,-4932,3388,nan,0.000000
2,5,4,0,14737238,20531518,7497279520224444872,1361355205.388998,-11460,-3396,2752,nan,0.000000
2,5,4,0,14737238,20531518,7497279520224447493,1361355205.388998,-11700,-9220,2420,nan,0.000000
2,5,4,0,14737238,20531518,7497279520224450114,1361355205.388998,-11212,-9132,3052,nan,0.000000
1,5,6,0,14818522,20693931,871535410578722846,1361355210.345233,-11780,-4776,4944,nan,0.000000
1,5,6,0,14818522,20693931,871535410578725467,1361355210.345233,-12228,-6488,5836,nan,0.000000
2,5,7,0,14818522,20693963,871535410578728088,1361355210.346904,-15408,-7688,6304,nan,0.000000
2,5,7,0,14818522,20693963,871535410578730709,1361355210.346904,-14440,-13808,8568,nan,0.000000
2,5,7,0,14818522,20693963,871535410578733330,1361355210.346904,-15364,-11540,4224,nan,0.000000
2,5,7,0,14818522,20693963,871535410578735951,1361355210.346904,-15352,-3660,3280,nan,0.000000
2,5,7,0,14818522,20693963,871535410578738572,1361355210.346904,-15948,-10912,3564,nan,0.000000
2,5,8,0,14818522,20693995,871535410578741193,1361355210.349009,-11956,-3864,4520,nan,0.000000
2,5,8,0,14818522,20693995,871535410578743814,1361355210.349009,-11380,-3428,1988,nan,0.000000
2,5,8,0,14818522,20693995,871535410578746435,1361355210.349009,-12536,-9968,3300,nan,0.000000
2,5,8,0,14818522,20693995,871535410578749056,1361355210.349009,-11760,-9236,3812,nan,0.000000
2,5,8,0,14818522,20693995,871535410578751677,1361355210.349009,-15952,-10264,7708,nan,0.000000
2,5,9,0,14818522,20694027,871535410578754298,1361355210.350030,-17560,-9500,7232,nan,0.000000
2,5,9,0,14818522,20694027,871535410578756919,1361355210.350030,-15520,-4160,1344,nan,0.000000
2,5,9,0,14818522,20694027,871535410578759540,1361355210.350030,-16264,520,4636,nan,0.000000
2,5,9,0,14818522,20694027,871535410578762161,1361355210.350030,-14464,-11620,3936,nan,0.000000
2,5,9,0,14818522,20694027,871535410578764782,1361355210.350030,-11052,-5400,2600,nan,0.000000
2,5,10,0,14818522,20694059,871535410578767403,1361355210.350784,-11012,-4724,4764,nan,0.000000
2,5,10,0,14818522,20694059,871535410578770024,1361355210.350784,-11920,-6572,5460,nan,0.000000
2,5,10,0,14818522,20694059,871535410578772645,1361355210.350784,-14752,-7272,5876,nan,0.000000
2,5,10,0,14818522,20694059,871535410578775266,1361355210.350784,-15928,-12180,8340,nan,0.000000
2,5,10,0,14818522,20694059,871535410578777887,1361355210.350784,-14964,-13064,5104,nan,0.000000
2,5,11,0,14818522,20694091,871535410578780508,1361355210.351686,-15128,-4448,3772,nan,0.000000
2,5,11,0,14818522,20694091,871535410578783129,1361355210.351686,-15080,-6928,2484,nan,0.000000
2,5,11,0,14818522,20694091,871535410578785750,1361355210.351686,-13612,-7240,3876,nan,0.000000
2,5,11,0,14818522,20694091,871535410578788371,1361355210.351686,-11696,-3468,2108,nan,0.000000
2,5,11,0,14818522,20694091,871535410578790992,1361355210.351686,-12420,-8172,3204,nan,0.000000
2,5,12,0,14818522,20694123,871535410578793613,1361355210.352239,-11816,-8932,3596,nan,0.000000
2,5,12,0,14818522,20694123,871535410578796234,1361355210.352239,-15156,-11260,5944,nan,0.000000
2,5,12,0,14818522,20694123,871535410578798855,1361355210.352239,-18604,-9304,6900,nan,0.000000
2,5,12,0,14818522,20694123,871535410578801476,1361355210.352239,-16300,-5460,3120,nan,0.000000
2,5,12,0,14818522,20694123,871535410578804097,1361355210.352239,-15248,388,3400,nan,0.000000
1,5,13,0,14899803,20694155,4041704502603287566,1361355210.352820,-12452,-7940,3180,nan,0.000000
1,5,13,15,14899803,20694155,4041704502603290187,1361355210.352820,-11696,-4584,4140,nan,0.000000
2,5,14,15,14899803,20694187,4041704502603292808,1361355210.353143,-12152,-5148,5468,nan,0.000000
2,5,14,15,14899803,20694187,4041704502603295429,1361355210.353143,-13632,-5840,5776,nan,0.000000
2,5,14,15,14899803,20694187,4041704502603298050,1361355210.353143,-16928,-7804,7004,nan,0.000000
2,5,14,15,14899803,20694187,4041704502603300671,1361355210.353143,-14088,-13488,5984,nan,0.000000
2,5,14,15,14899803,20694187,4041704502603303292,1361355210.353143,-18576,-6048,3724,nan,0.000000
2,5,15,15,14899803,20694219,4041704502603305913,1361355210.355171,-13720,-3360,2340,nan,0.000000
2,5,15,15,14899803,20694219,4041704502603308534,1361355210.355171,-16060,-7932,4048,nan,0.000000
2,5,15,15,14899803,20694219,4041704502603311155,1361355210.355171,-13412,-2016,2344,nan,0.000000
2,5,15,15,14899803,20694219,4041704502603313776,1361355210.355171,-14396,-5608,2912,nan,0.000000
2,5,15,15,14899803,20694219,4041704502603316397,1361355210.355171,-12068,-9736,2800,nan,0.000000
2,5,0,15,14899803,20694251,4041704502603319018,1361355210.355780,-13236,-8300,4072,nan,0.000000
2,5,0,15,14899803,20694251,4041704502603321639,1361355210.355780,-15840,-8700,6580,nan,0.000000
2,5,0,15,14899803,20694251,4041704502603324260,1361355210.355780,-17048,-8580,4168,nan,0.000000
2,5,0,15,14899803,20694251,4041704502603326881,1361355210.355780,-15876,-2340,5512,nan,0.000000
2,5,0,15,14899803,20694251,4041704502603329502,1361355210.355780,-14080,-1016,2704,nan,0.000000
2,5,1,15,14899803,20694283,4041704502603332123,1361355210.362084,-15712,-8584,5392,nan,0.000000
2,5,1,15,14899803,20694283,4041704502603334744,1361355210.362084,-11436,-4720,3640,nan,0.000000
2,5,1,15,14899803,20694283,4041704502603337365,1361355210.362084,-12144,-5512,5388,nan,0.000000
2,5,1,15,14899803,20694283,4041704502603339986,1361355210.362084,-13256,-6708,6772,nan,0.000000
2,5,1,15,14899803,20694283,4041704502603342607,1361355210.362084,-13876,-5792,5556,nan,0.000000
2,5,2,15,14899803,20694315,4041704502603345228,1361355210.365633,-15296,-10332,8756,nan,0.000000
2,5,2,15,14899803,20694315,4041704502603347849,1361355210.365633,-15252,-11240,5224,nan,0.000000
2,5,2,15,14899803,20694315,4041704502603350470,1361355210.365633,-17480,-5096,5516,nan,0.000000
2,5,2,15,14899803,20694315,4041704502603353091,1361355210.365633,-12260,-5232,944,nan,0.000000
2,5,2,15,14899803,20694315,4041704502603355712,1361355210.365633,-16476,-7304,4836,nan,0.000000
2,5,3,15,14899803,20694347,4041704502603358333,1361355212.825004,-13084,-3224,3108,nan,0.000000
2,5,3,15,14899803,20694347,4041704502603360954,1361355212.825004,-13460,-6936,3304,nan,0.000000
2,5,3,15,14899803,20694347,4041704502603363575,1361355212.825004,-11536,-9748,3944,nan,0.000000
2,5,3,15,14899803,20694347,4041704502603366196,1361355212.825004,-11344,-10084,3920,nan,0.000000
2,5,3,15,14899803,20694347,4041704502603368817,1361355212.825004,-14776,-9068,6340,nan,0.000000
1,5,4,0,14981084,20775217,-1725748489414302708,1361355212.826834,-17384,-6300,3384,nan,0.000000
1,5,4,1,14981084,20775217,-1725748489414300087,1361355212.826834,-14732,400,4024,nan,0.000000
2,5,5,1,14981084,20775249,-1725748489414297466,1361355212.827614,-14940,-7140,3048,nan,0.000000
2,5,5,1,14981084,20775249,-1725748489414294845,1361355212.827614,-12292,-8540,4084,nan,0.000000
2,5,5,1,14981084,20775249,-1725748489414292224,1361355212.827614,-10504,-5364,4244,nan,0.000000
2,5,5,1,14981084,20775249,-1725748489414289603,1361355212.827614,-12636,-6020,5880,nan,0.000000
2,5,5,1,14981084,20775249,-1725748489414286982,1361355212.827614,-13256,-6484,6616,nan,0.000000
2,5,6,1,14981084,20775280,-1725748489414284361,1361355212.828997,-15704,-7608,6864,nan,0.000000
2,5,6,1,14981084,20775280,-1725748489414281740,1361355212.828997,-13000,-14848,7512,nan,0.000000
2,5,6,1,14981084,20775280,-1725748489414279119,1361355212.828997,-17940,-8408,4664,nan,0.000000
2,5,6,1,14981084,20775280,-1725748489414276498,1361355212.828997,-12708,-4028,3224,nan,0.000000
2,5,6,1,14981084,20775280,-1725748489414273877,1361355212.828997,-15248,-10408,3664,nan,0.000000
2,5,7,1,14981084,20775312,-1725748489414271256,1361355212.829677,-12452,-2784,4484,nan,0.000000
2,5,7,1,14981084,20775312,-1725748489414268635,1361355212.829677,-12876,-5516,2764,nan,0.000000
2,5,7,1,14981084,20775312,-1725748489414266014,1361355212.829677,-11880,-10380,3560,nan,0.000000
2,5,7,1,14981084,20775312,-1725748489414263393,1361355212.829677,-12124,-9892,4248,nan,0.000000
2,5,7,1,14981084,20775312,-1725748489414260772,1361355212.829677,-16240,-9584,8060,nan,0.000000
2,5,8,1,14981084,20775344,-1725748489414258151,1361355212.830432,-17096,-9036,5896,nan,0.000000
2,5,8,1,14981084,20775344,-1725748489414255530,1361355212.830432,-16280,-2220,3328,nan,0.000000
2,5,8,1,14981084,20775344,-1725748489414252909,1361355212.830432,-14420,-172,4276,nan,0.000000
2,5,8,1,14981084,20775344,-1725748489414250288,1361355212.830432,-14712,-11776,3832,nan,0.000000
2,5,8,1,14981084,20775344,-1725748489414247667,1361355212.830432,-11240,-5444,3876,nan,0.000000
2,5,9,1,14981084,20775376,-1725748489414245046,1361355212.831196,-11644,-4872,5684,nan,0.000000
2,5,9,1,14981084,20775376,-1725748489414242425,1361355212.831196,-12740,-6372,6468,nan,0.000000
2,5,9,1,14981084,20775376,-1725748489414239804,1361355212.831196,-14292,-6696,5900,nan,0.000000
2,5,9,1,14981084,20775376,-1725748489414237183,1361355212.831196,-15852,-10508,8688,nan,0.000000
2,5,9,1,14981084,20775376,-1725748489414234562,1361355212.831196,-12460,-13456,5552,nan,0.000000
2,5,10,1,14981084,20775409,-1725748489414231941,1361355215.309082,-17340,-5540,4888,nan,0.000000
2,5,10,1,14981084,20775409,-1725748489414229320,1361355215.309082,-12836,-7004,2560,nan,0.000000
2,5,10,1,14981084,20775409,-1725748489414226699,1361355215.309082,-14868,-8260,5104,nan,0.000000
2,5,10,1,14981084,20775409,-1725748489414224078,1361355215.309082,-12228,-2356,3404,nan,0.000000
2,5,10,1,14981084,20775409,-1725748489414221457,1361355215.309082,-12140,-7920,3368,nan,0.000000
1,5,11,0,15062366,20856575,2996052631033875,1361355215.310203,-13820,-9852,6068,nan,0.000000
1,5,11,0,15062366,20856575,2996052631036496,1361355215.310203,-16352,-10120,8284,nan,0.000000
2,5,12,0,15062366,20856607,2996052631039117,1361355215.310886,-17716,-7080,4928,nan,0.000000
2,5,12,0,15062366,20856607,2996052631041738,1361355215.310886,-14704,-380,2780,nan,0.000000
2,5,12,0,15062366,20856607,2996052631044359,1361355215.310886,-15480,-4064,4272,nan,0.000000
2,5,12,0,15062366,20856607,2996052631046980,1361355215.310886,-13128,-9452,3604,nan,0.000000
2,5,12,0,15062366,20856607,2996052631049601,1361355215.310886,-11672,-4364,4552,nan,0.000000
2,5,13,0,15062366,20856639,2996052631052222,1361355215.311792,-11828,-5464,5384,nan,0.000000
2,5,13,0,15062366,20856639,2996052631054843,1361355215.311792,-13300,-5948,6256,nan,0.000000
2,5,13,0,15062366,20856639,2996052631057464,1361355215.311792,-15536,-6164,6200,nan,0.000000
2,5,13,0,15062366,20856639,2996052631060085,1361355215.311792,-14564,-14064,8508,nan,0.000000
2,5,13,0,15062366,20856639,2996052631062706,1361355215.311792,-16388,-9264,5388,nan,0.000000
2,5,14,0,15062366,20856671,2996052631065327,1361355215.312426,-14892,-4480,3028,nan,0.000000
2,5,14,0,15062366,20856671,2996052631067948,1361355215.312426,-14780,-7756,1292,nan,0.000000
2,5,14,0,15062366,20856671,2996052631070569,1361355215.312426,-13776,-5064,5616,nan,0.000000
2,5,14,0,15062366,20856671,2996052631073190,1361355215.312426,-12960,-4388,1780,nan,0.000000
2,5,14,0,15062366,20856671,2996052631075811,1361355215.312426,-13228,-7744,3448,nan,0.000000
2,5,15,0,15062366,20856703,2996052631078432,1361355215.313322,-12232,-8392,5592,nan,0.000000
2,5,15,0,15062366,20856703,2996052631081053,1361355215.313322,-12024,-8952,3776,nan,0.000000
2,5,15,0,15062366,20856703,2996052631083674,1361355215.313322,-17276,-9680,8656,nan,0.000000
2,5,15,0,15062366,20856703,2996052631086295,1361355215.313322,-17664,-7960,5540,nan,0.000000
2,5,15,0,15062366,20856703,2996052631088916,1361355215.313322,-15268,-2004,2668,nan,0.000000
2,5,0,0,15062366,20856735,2996052631091537,1361355215.314022,-14360,-3236,2644,nan,0.000000
2,5,0,0,15062366,20856735,2996052631094158,1361355215.314022,-14760,-11016,4296,nan,0.000000
2,5,0,0,15062366,20856735,2996052631096779,1361355215.314022,-11156,-5780,4200,nan,0.000000
2,5,0,0,15062366,20856735,2996052631099400,1361355215.314022,-11948,-5712,5632,nan,0.000000
2,5,0,0,15062366,20856735,2996052631102021,1361355215.314022,-12200,-6484,6168,nan,0.000000
1,5,2,0,15143652,21019102,8369219581335496724,1361355220.269005,-13068,-3484,3472,nan,0.000000
1,5,2,0,15143652,21019102,8369219581335499345,1361355220.269005,-12044,-7712,1708,nan,0.000000
2,5,3,0,15143652,21019134,8369219581335501966,1361355220.270661,-12920,-7064,5092,nan,0.000000
2,5,3,0,15143652,21019134,8369219581335504587,1361355220.270661,-13868,-7724,4228,nan,0.000000
2,5,3,0,15143652,21019134,8369219581335507208,1361355220.270661,-16940,-8968,8096,nan,0.000000
2,5,3,0,15143652,21019134,8369219581335509829,1361355220.270661,-17484,-7784,5400,nan,0.000000
2,5,3,0,15143652,21019134,8369219581335512450,1361355220.270661,-14476,-2492,1836,nan,0.000000
2,5,4,0,15143652,21019166,8369219581335515071,1361355220.272004,-15644,-3228,4480,nan,0.000000
2,5,4,0,15143652,21019166,8369219581335517692,1361355220.272004,-14632,-10004,4524,nan,0.000000
2,5,4,0,15143652,21019166,8369219581335520313,1361355220.272004,-11568,-4420,3952,nan,0.000000
2,5,4,0,15143652,21019166,8369219581335522934,1361355220.272004,-12388,-5260,5524,nan,0.000000
2,5,4,0,15143652,21019166,8369219581335525555,1361355220.272004,-13420,-6084,5760,nan,0.000000
2,5,5,0,15143652,21019198,8369219581335528176,1361355220.272922,-13756,-5100,5572,nan,0.000000
2,5,5,0,15143652,21019198,8369219581335530797,1361355220.272922,-15032,-8780,7672,nan,0.000000
2,5,5,0,15143652,21019198,8369219581335533418,1361355220.272922,-12528,-13000,7340,nan,0.000000
2,5,5,0,15143652,21019198,8369219581335536039,1361355220.272922,-19472,-8276,4624,nan,0.000000
2,5,5,0,15143652,21019198,8369219581335538660,1361355220.272922,-11428,-5868,1828,nan,0.000000
2,5,6,0,15143652,21019230,8369219581335541281,1361355220.274411,-13336,-10148,1140,nan,0.000000
2,5,6,0,15143652,21019230,8369219581335543902,1361355220.274411,-14344,-5712,4860,nan,0.000000
2,5,6,0,15143652,21019230,8369219581335546523,1361355220.274411,-12468,-6536,2544,nan,0.000000
2,5,6,0,15143652,21019230,8369219581335549144,1361355220.274411,-12520,-8028,2960,nan,0.000000
2,5,6,0,15143652,21019230,8369219581335551765,1361355220.274411,-14896,-7764,4808,nan,0.000000
2,5,7,0,15143652,21019262,8369219581335554386,1361355220.279811,-15228,-8112,5708,nan,0.000000
2,5,7,0,15143652,21019262,8369219581335557007,1361355220.279811,-18280,-8536,6460,nan,0.000000
2,5,7,0,15143652,21019262,8369219581335559628,1361355220.279811,-14032,-5628,1840,nan,0.000000
2,5,7,0,15143652,21019262,8369219581335562249,1361355220.279811,-12872,-3960,2484,nan,0.000000
2,5,7,0,15143652,21019262,8369219581335564870,1361355220.279811,-16436,-7620,5712,nan,0.000000
2,5,8,0,15143652,21019294,8369219581335567491,1361355220.284522,-12196,-6280,2476,nan,0.000000
2,5,8,0,15143652,21019294,8369219581335570112,1361355220.284522,-12980,-5820,5252,nan,0.000000
2,5,8,0,15143652,21019294,8369219581335572733,1361355220.284522,-12932,-6008,5044,nan,0.000000
2,5,8,0,15143652,21019294,8369219581335575354,1361355220.284522,-13716,-6152,5032,nan,0.000000
2,5,8,0,15143652,21019294,8369219581335577975,1361355220.284522,-15696,-6568,7332,nan,0.000000
1,5,9,0,15224956,21019326,-8929436392362234871,1361355220.287867,-16604,-9016,4756,nan,0.000000
1,5,9,15,15224956,21019326,-8929436392362232250,1361355220.287867,-12004,-6992,1820,nan,0.000000
2,5,10,15,15224956,21019357,-8929436392362229629,1361355220.291824,-14588,-8516,1832,nan,0.000000
2,5,10,15,15224956,21019357,-8929436392362227008,1361355220.291824,-14080,-5144,5356,nan,0.000000
2,5,10,15,15224956,21019357,-8929436392362224387,1361355220.291824,-12632,-7460,2808,nan,0.000000
2,5,10,15,15224956,21019357,-8929436392362221766,1361355220.291824,-12308,-8636,3104,nan,0.000000
2,5,10,15,15224956,21019357,-8929436392362219145,1361355220.291824,-15300,-8072,4876,nan,0.000000
2,5,11,15,15224956,21019390,-8929436392362216524,1361355220.294252,-14940,-8236,5576,nan,0.000000
2,5,11,15,15224956,21019390,-8929436392362213903,1361355220.294252,-16576,-8764,5716,nan,0.000000
2,5,11,15,15224956,21019390,-8929436392362211282,1361355220.294252,-13496,-5112,3288,nan,0.000000
2,5,11,15,15224956,21019390,-8929436392362208661,1361355220.294252,-11948,-5180,1764,nan,0.000000
2,5,11,15,15224956,21019390,-8929436392362206040,1361355220.294252,-16792,-9068,5388,nan,0.000000
2,5,12,15,15224956,21019421,-8929436392362203419,1361355220.299030,-13828,-7560,3768,nan,0.000000
2,5,12,15,15224956,21019421,-8929436392362200798,1361355220.299030,-12788,-6612,3672,nan,0.000000
2,5,12,15,15224956,21019421,-8929436392362198177,1361355220.299030,-14240,-7436,4120,nan,0.000000
2,5,12,15,15224956,21019421,-8929436392362195556,1361355220.299030,-14300,-6612,3012,nan,0.000000
2,5,12,15,15224956,21019421,-8929436392362192935,1361355220.299030,-14956,-6384,4176,nan,0.000000
2,5,13,15,15224956,21019454,-8929436392362190314,1361355220.301622,-14576,-5824,1280,nan,0.000000
2,5,13,15,15224956,21019454,-8929436392362187693,1361355220.301622,-17328,-4520,2808,nan,0.000000
2,5,13,15,15224956,21019454,-8929436392362185072,1361355220.301622,-13596,-8636,3456,nan,0.000000
2,5,13,15,15224956,21019454,-8929436392362182451,1361355220.301622,-13036,-9380,2852,nan,0.000000
2,5,13,15,15224956,21019454,-8929436392362179830,1361355220.301622,-14132,-8596,2124,nan,0.000000
2,5,14,15,15224956,21019486,-8929436392362177209,1361355220.304236,-14092,-8668,3420,nan,0.000000
2,5,14,15,15224956,21019486,-8929436392362174588,1361355220.304236,-14264,-8144,3352,nan,0.000000
2,5,14,15,15224956,21019486,-8929436392362171967,1361355220.304236,-13844,-8460,3208,nan,0.000000
2,5,14,15,15224956,21019486,-8929436392362169346,1361355220.304236,-13984,-8932,2616,nan,0.000000
2,5,14,15,15224956,21019486,-8929436392362166725,1361355220.304236,-16584,-8628,4656,nan,0.000000
2,5,15,15,15224956,21019518,-8929436392362164104,1361355222.748875,-15668,-6356,4240,nan,0.000000
2,5,15,15,15224956,21019518,-8929436392362161483,1361355222.748875,-13464,-3284,4304,nan,0.000000
2,5,15,15,15224956,21019518,-8929436392362158862,1361355222.748875,-15632,-4988,5776,nan,0.000000
2,5,15,15,15224956,21019518,-8929436392362156241,1361355222.748875,-12912,-5960,4588,nan,0.000000
2,5,15,15,15224956,21019518,-8929436392362153620,1361355222.748875,-13404,-5140,5296,nan,0.000000
1,5,0,0,15306263,21100414,-3454211490246324208,1361355222.750605,-12516,-5904,6108,nan,0.000000
1,5,0,1,15306263,21100414,-3454211490246321587,1361355222.750605,-12412,-5156,5724,nan,0.000000
2,5,1,1,15306263,21100446,-3454211490246318966,1361355222.751378,-14996,-7492,7528,nan,0.000000
2,5,1,1,15306263,21100446,-3454211490246316345,1361355222.751378,-15448,-12600,7364,nan,0.000000
2,5,1,1,15306263,21100446,-3454211490246313724,1361355222.751378,-18984,-6756,5412,nan,0.000000
2,5,1,1,15306263,21100446,-3454211490246311103,1361355222.751378,-12332,-2836,3768,nan,0.000000
2,5,1,1,15306263,21100446,-3454211490246308482,1361355222.751378,-18204,-6760,3376,nan,0.000000
2,5,2,1,15306263,21100477,-3454211490246305861,1361355222.752708,-13072,-3716,2996,nan,0.000000
2,5,2,1,15306263,21100477,-3454211490246303240,1361355222.752708,-13696,-4876,3448,nan,0.000000
2,5,2,1,15306263,21100477,-3454211490246300619,1361355222.752708,-13052,-8152,3452,nan,0.000000
2,5,2,1,15306263,21100477,-3454211490246297998,1361355222.752708,-12444,-9492,4768,nan,0.000000
2,5,2,1,15306263,21100477,-3454211490246295377,1361355222.752708,-12240,-8620,4912,nan,0.000000
2,5,3,1,15306263,21100510,-3454211490246292756,1361355222.753484,-14080,-9528,7080,nan,0.000000
2,5,3,1,15306263,21100510,-3454211490246290135,1361355222.753484,-14884,-11536,5852,nan,0.000000
2,5,3,1,15306263,21100510,-3454211490246287514,1361355222.753484,-16156,-7064,5280,nan,0.000000
2,5,3,1,15306263,21100510,-3454211490246284893,1361355222.753484,-13992,-760,4520,nan,0.000000
2,5,3,1,15306263,21100510,-3454211490246282272,1361355222.753484,-15292,-4728,4880,nan,0.000000
2,5,4,1,15306263,21100541,-3454211490246279651,1361355222.754571,-13296,-9764,4192,nan,0.000000
2,5,4,1,15306263,21100541,-3454211490246277030,1361355222.754571,-11016,-4940,4956,nan,0.000000
2,5,4,1,15306263,21100541,-3454211490246274409,1361355222.754571,-12836,-5068,6688,nan,0.000000
2,5,4,1,15306263,21100541,-3454211490246271788,1361355222.754571,-12204,-6676,6384,nan,0.000000
2,5,4,1,15306263,21100541,-3454211490246269167,1361355222.754571,-15280,-8148,7308,nan,0.000000
2,5,5,1,15306263,21100574,-3454211490246266546,1361355222.755575,-14668,-13272,7136,nan,0.000000
2,5,5,1,15306263,21100574,-3454211490246263925,1361355222.755575,-16620,-7488,4916,nan,0.000000
2,5,5,1,15306263,21100574,-3454211490246261304,1361355222.755575,-13272,-4444,3776,nan,0.000000
2,5,5,1,15306263,21100574,-3454211490246258683,1361355222.755575,-16700,-8588,4640,nan,0.000000
2,5,5,1,15306263,21100574,-3454211490246256062,1361355222.755575,-11168,-3384,3340,nan,0.000000
2,5,6,1,15306263,21100605,-3454211490246253441,1361355225.240840,-12592,-7696,3628,nan,0.000000
2,5,6,1,15306263,21100605,-3454211490246250820,1361355225.240840,-11660,-9092,3836,nan,0.000000
2,5,6,1,15306263,21100605,-3454211490246248199,1361355225.240840,-12620,-10120,5628,nan,0.000000
2,5,6,1,15306263,21100605,-3454211490246245578,1361355225.240840,-14596,-9704,7272,nan,0.000000
2,5,6,1,15306263,21100605,-3454211490246242957,1361355225.240840,-15856,-9888,5208,nan,0.000000
1,5,7,0,15387568,21182012,-284152440183182322,1361355225.241885,-14844,-432,4716,nan,0.000000
1,5,7,0,15387568,21182012,-284152440183179701,1361355225.241885,-14660,-10156,3936,nan,0.000000
2,5,8,0,15387568,21182043,-284152440183177080,1361355225.242666,-11188,-5500,3724,nan,0.000000
2,5,8,0,15387568,21182043,-284152440183174459,1361355225.242666,-11896,-5288,6000,nan,0.000000
2,5,8,0,15387568,21182043,-284152440183171838,1361355225.242666,-12228,-6404,5996,nan,0.000000
2,5,8,0,15387568,21182043,-284152440183169217,1361355225.242666,-13256,-7544,6140,nan,0.000000
2,5,8,0,15387568,21182043,-284152440183166596,1361355225.242666,-15360,-11684,8512,nan,0.000000
2,5,9,0,15387568,21182075,-284152440183163975,1361355225.243483,-12852,-12472,4988,nan,0.000000
2,5,9,0,15387568,21182075,-284152440183161354,1361355225.243483,-15856,-5560,5352,nan,0.000000
2,5,9,0,15387568,21182075,-284152440183158733,1361355225.243483,-14884,-4976,2720,nan,0.000000
2,5,9,0,15387568,21182075,-284152440183156112,1361355225.243483,-13200,-8276,5428,nan,0.000000
2,5,9,0,15387568,21182075,-284152440183153491,1361355225.243483,-11536,-5588,2636,nan,0.000000
2,5,10,0,15387568,21182107,-284152440183150870,1361355225.244421,-12108,-8448,4144,nan,0.000000
2,5,10,0,15387568,21182107,-284152440183148249,1361355225.244421,-10912,-10104,4500,nan,0.000000
2,5,10,0,15387568,21182107,-284152440183145628,1361355225.244421,-13620,-11164,4936,nan,0.000000
2,5,10,0,15387568,21182107,-284152440183143007,1361355225.244421,-17964,-10068,8472,nan,0.000000
2,5,10,0,15387568,21182107,-284152440183140386,1361355225.244421,-16524,-7216,844,nan,0.000000
2,5,11,0,15387568,21182139,-284152440183137765,1361355225.245270,-16472,1040,4544,nan,0.000000
2,5,11,0,15387568,21182139,-284152440183135144,1361355225.245270,-15028,-8780,2460,nan,0.000000
2,5,11,0,15387568,21182139,-284152440183132523,1361355225.245270,-11208,-8356,3172,nan,0.000000
2,5,11,0,15387568,21182139,-284152440183129902,1361355225.245270,-11684,-5072,4204,nan,0.000000
2,5,11,0,15387568,21182139,-284152440183127281,1361355225.245270,-11512,-6212,5380,nan,0.000000
2,5,12,0,15387568,21182172,-284152440183124660,1361355225.246376,-12568,-7092,6424,nan,0.000000
2,5,12,0,15387568,21182172,-284152440183122039,1361355225.246376,-16464,-8012,7064,nan,0.000000
2,5,12,0,15387568,21182172,-284152440183119418,1361355225.246376,-12544,-15312,8124,nan,0.000000
2,5,12,0,15387568,21182172,-284152440183116797,1361355225.246376,-15480,-9344,3304,nan,0.000000
2,5,12,0,15387568,21182172,-284152440183114176,1361355225.246376,-15308,-4600,2812,nan,0.000000
2,5,13,0,15387568,21182203,-284152440183111555,1361355227.712790,-14820,-10200,4560,nan,0.000000
2,5,13,0,15387568,21182203,-284152440183108934,1361355227.712790,-12316,-2720,3104,nan,0.000000
2,5,13,0,15387568,21182203,-284152440183106313,1361355227.712790,-12168,-5084,2088,nan,0.000000
2,5,13,0,15387568,21182203,-284152440183103692,1361355227.712790,-11316,-8492,3076,nan,0.000000
2,5,13,0,15387568,21182203,-284152440183101071,1361355227.712790,-12652,-9324,4280,nan,0.000000
1,5,14,0,15468873,21263030,2309327318156300305,1361355227.715075,-18144,-7624,3260,nan,0.000000
1,5,14,0,15468873,21263030,2309327318156302926,1361355227.715075,-15208,156,2008,nan,0.000000
2,5,15,0,15468873,21263061,2309327318156305547,1361355227.715597,-15944,-3104,4484,nan,0.000000
2,5,15,0,15468873,21263061,2309327318156308168,1361355227.715597,-12932,-9336,2856,nan,0.000000
2,5,15,0,15468873,21263061,2309327318156310789,1361355227.715597,-11448,-3988,3576,nan,0.000000
2,5,15,0,15468873,21263061,2309327318156313410,1361355227.715597,-11124,-5200,4692,nan,0.000000
2,5,15,0,15468873,21263061,2309327318156316031,1361355227.715597,-12912,-6932,4704,nan,0.000000
2,5,0,0,15468873,21263094,2309327318156318652,1361355227.716408,-18012,-7956,7580,nan,0.000000
2,5,0,0,15468873,21263094,2309327318156321273,1361355227.716408,-12548,-15272,6852,nan,0.000000
2,5,0,0,15468873,21263094,2309327318156323894,1361355227.716408,-17148,-8172,3156,nan,0.000000
2,5,0,0,15468873,21263094,2309327318156326515,1361355227.716408,-14664,-4352,1652,nan,0.000000
2,5,0,0,15468873,21263094,2309327318156329136,1361355227.716408,-15436,-10852,2952,nan,0.000000
2,5,1,0,15468873,21263125,2309327318156331757,1361355227.717060,-12688,-3016,3196,nan,0.000000
2,5,1,0,15468873,21263125,2309327318156334378,1361355227.717060,-12248,-5488,1896,nan,0.000000
2,5,1,0,15468873,21263125,2309327318156336999,1361355227.717060,-11796,-8928,2752,nan,0.000000
2,5,1,0,15468873,21263125,2309327318156339620,1361355227.717060,-11788,-8584,3944,nan,0.000000
2,5,1,0,15468873,21263125,2309327318156342241,1361355227.717060,-18456,-10216,7708,nan,0.000000
2,5,2,0,15468873,21263158,2309327318156344862,1361355227.717777,-17548,-8744,4756,nan,0.000000
2,5,2,0,15468873,21263158,2309327318156347483,1361355227.717777,-15784,-2036,1344,nan,0.000000
2,5,2,0,15468873,21263158,2309327318156350104,1361355227.717777,-15372,-272,3232,nan,0.000000
2,5,2,0,15468873,21263158,2309327318156352725,1361355227.717777,-14276,-12728,3616,nan,0.000000
2,5,2,0,15468873,21263158,2309327318156355346,1361355227.717777,-11216,-5324,2384,nan,0.000000
2,5,3,0,15468873,21263189,2309327318156357967,1361355227.718505,-11804,-5804,4592,nan,0.000000
2,5,3,0,15468873,21263189,2309327318156360588,1361355227.718505,-12676,-6564,5696,nan,0.000000
2,5,3,0,15468873,21263189,2309327318156363209,1361355227.718505,-14424,-5744,4920,nan,0.000000
2,5,3,0,15468873,21263189,2309327318156365830,1361355227.718505,-17700,-10636,8824,nan,0.000000
2,5,3,0,15468873,21263189,2309327318156368451,1361355227.718505,-13380,-12704,3220,nan,0.000000
2,5,4,0,15468873,21263222,2309327318156371072,1361355230.194766,-17172,-4644,3604,nan,0.000000
2,5,4,0,15468873,21263222,2309327318156373693,1361355230.194766,-14628,-5652,1372,nan,0.000000
2,5,4,0,15468873,21263222,2309327318156376314,1361355230.194766,-13724,-7216,3596,nan,0.000000
2,5,4,0,15468873,21263222,2309327318156378935,1361355230.194766,-12920,-3364,2352,nan,0.000000
2,5,4,0,15468873,21263222,2309327318156381556,1361355230.194766,-11940,-8032,2080,nan,0.000000
1,5,5,0,15550177,21344339,6630966515548427278,1361355230.195910,-16496,-9656,5404,nan,0.000000
1,5,5,0,15550177,21344339,6630966515548429899,1361355230.195910,-19300,-9312,7504,nan,0.000000
2,5,6,0,15550177,21344371,6630966515548432520,1361355230.196570,-15660,-4740,540,nan,0.000000
2,5,6,0,15550177,21344371,6630966515548435141,1361355230.196570,-16040,1576,3816,nan,0.000000
2,5,6,0,15550177,21344371,6630966515548437762,1361355230.196570,-15392,-10552,3736,nan,0.000000
2,5,6,0,15550177,21344371,6630966515548440383,1361355230.196570,-10636,-5728,1452,nan,0.000000
2,5,6,0,15550177,21344371,6630966515548443004,1361355230.196570,-11736,-4860,4300,nan,0.000000
2,5,7,0,15550177,21344403,6630966515548445625,1361355230.197448,-12904,-6308,4908,nan,0.000000
2,5,7,0,15550177,21344403,6630966515548448246,1361355230.197448,-14012,-6596,5304,nan,0.000000
2,5,7,0,15550177,21344403,6630966515548450867,1361355230.197448,-17568,-9440,7404,nan,0.000000
2,5,7,0,15550177,21344403,6630966515548453488,1361355230.197448,-12224,-14712,6440,nan,0.000000
2,5,7,0,15550177,21344403,6630966515548456109,1361355230.197448,-16680,-7732,1988,nan,0.000000
2,5,8,0,15550177,21344434,6630966515548458730,1361355230.198260,-14212,-3920,1996,nan,0.000000
2,5,8,0,15550177,21344434,6630966515548461351,1361355230.198260,-15128,-10416,4376,nan,0.000000
2,5,8,0,15550177,21344434,6630966515548463972,1361355230.198260,-13152,-4784,3980,nan,0.000000
2,5,8,0,15550177,21344434,6630966515548466593,1361355230.198260,-12156,-7340,3428,nan,0.000000
2,5,8,0,15550177,21344434,6630966515548469214,1361355230.198260,-11060,-8736,4300,nan,0.000000
2,5,9,0,15550177,21344466,6630966515548471835,1361355230.199367,-14136,-8256,4788,nan,0.000000
2,5,9,0,15550177,21344466,6630966515548474456,1361355230.199367,-15356,-9136,7376,nan,0.000000
2,5,9,0,15550177,21344466,6630966515548477077,1361355230.199367,-17436,-4884,4652,nan,0.000000
2,5,9,0,15550177,21344466,6630966515548479698,1361355230.199367,-13968,-560,4188,nan,0.000000
2,5,9,0,15550177,21344466,6630966515548482319,1361355230.199367,-15436,-10340,3868,nan,0.000000
2,5,10,0,15550177,21344499,6630966515548484940,1361355230.200132,-13604,-7332,3380,nan,0.000000
2,5,10,0,15550177,21344499,6630966515548487561,1361355230.200132,-13356,-5368,5532,nan,0.000000
2,5,10,0,15550177,21344499,6630966515548490182,1361355230.200132,-12964,-6936,4452,nan,0.000000
2,5,10,0,15550177,21344499,6630966515548492803,1361355230.200132,-15712,-6052,4640,nan,0.000000
2,5,10,0,15550177,21344499,6630966515548495424,1361355230.200132,-15304,-5816,5288,nan,0.000000
2,5,11,0,15550177,21344530,6630966515548498045,1361355232.674639,-13588,-6932,4916,nan,0.000000
2,5,11,0,15550177,21344530,6630966515548500666,1361355232.674639,-14300,-6372,5168,nan,0.000000
2,5,11,0,15550177,21344530,6630966515548503287,1361355232.674639,-13904,-6304,4588,nan,0.000000
2,5,11,0,15550177,21344530,6630966515548505908,1361355232.674639,-13492,-6364,4876,nan,0.000000
2,5,11,0,15550177,21344530,6630966515548508529,1361355232.674639,-14732,-6920,5240,nan,0.000000
1,5,12,0,15631481,21425646,3464425792434877459,1361355232.676375,-13628,-6640,5364,nan,0.000000
1,5,12,0,15631481,21425646,3464425792434880080,1361355232.676375,-14732,-6152,5756,nan,0.000000
2,5,13,0,15631481,21425678,3464425792434882701,1361355232.676964,-14224,-6388,5820,nan,0.000000
2,5,13,0,15631481,21425678,3464425792434885322,1361355232.676964,-14064,-6592,5972,nan,0.000000
2,5,13,0,15631481,21425678,3464425792434887943,1361355232.676964,-13912,-6788,5720,nan,0.000000
2,5,13,0,15631481,21425678,3464425792434890564,1361355232.676964,-13616,-7116,5672,nan,0.000000
2,5,13,0,15631481,21425678,3464425792434893185,1361355232.676964,-13528,-7008,5600,nan,0.000000
2,5,14,0,15631481,21425709,3464425792434895806,1361355232.678316,-13616,-7140,5500,nan,0.000000
2,5,14,0,15631481,21425709,3464425792434898427,1361355232.678316,-13568,-7400,5376,nan,0.000000
2,5,14,0,15631481,21425709,3464425792434901048,1361355232.678316,-13576,-7576,5760,nan,0.000000
2,5,14,0,15631481,21425709,3464425792434903669,1361355232.678316,-13892,-6836,5576,nan,0.000000
2,5,14,0,15631481,21425709,3464425792434906290,1361355232.678316,-13784,-6992,5636,nan,0.000000
2,5,15,0,15631481,21425742,3464425792434908911,1361355232.679048,-13708,-7148,5524,nan,0.000000
2,5,15,0,15631481,21425742,3464425792434911532,1361355232.679048,-13896,-6932,5668,nan,0.000000
2,5,15,0,15631481,21425742,3464425792434914153,1361355232.679048,-13580,-7348,5520,nan,0.000000
2,5,15,0,15631481,21425742,3464425792434916774,1361355232.679048,-13652,-7056,5756,nan,0.000000
2,5,15,0,15631481,21425742,3464425792434919395,1361355232.679048,-13568,-7068,5808,nan,0.000000
2,5,0,0,15631481,21425773,3464425792434922016,1361355232.680329,-13640,-6872,6208,nan,0.000000
2,5,0,0,15631481,21425773,3464425792434924637,1361355232.680329,-13600,-6200,6204,nan,0.000000
2,5,0,0,15631481,21425773,3464425792434927258,1361355232.680329,-13664,-5376,6856,nan,0.000000
2,5,0,0,15631481,21425773,3464425792434929879,1361355232.680329,-13840,-7136,7400,nan,0.000000
2,5,0,0,15631481,21425773,3464425792434932500,1361355232.680329,-13220,-6068,5640,nan,0.000000
2,5,1,0,15631481,21425806,3464425792434935121,1361355232.681362,-13420,-5896,6284,nan,0.000000
2,5,1,0,15631481,21425806,3464425792434937742,1361355232.681362,-13076,-9236,4636,nan,0.000000
2,5,1,0,15631481,21425806,3464425792434940363,1361355232.681362,-13632,-9384,6108,nan,0.000000
2,5,1,0,15631481,21425806,3464425792434942984,1361355232.681362,-12816,-7064,6200,nan,0.000000
2,5,1,0,15631481,21425806,3464425792434945605,1361355232.681362,-12264,-7028,4732,nan,0.000000
2,5,2,0,15631481,21425837,3464425792434948226,1361355235.156646,-13104,-7904,5040,nan,0.000000
2,5,2,0,15631481,21425837,3464425792434950847,1361355235.156646,-13632,-8416,5764,nan,0.000000
2,5,2,0,15631481,21425837,3464425792434953468,1361355235.156646,-15200,-8540,6220,nan,0.000000
2,5,2,0,15631481,21425837,3464425792434956089,1361355235.156646,-17224,-10720,6372,nan,0.000000
2,5,2,0,15631481,21425837,3464425792434958710,1361355235.156646,-17340,-5512,2988,nan,0.000000
1,5,3,0,15712786,21506955,-8928913065831124973,1361355235.159050,-14772,-6260,3512,nan,0.000000
1,5,3,0,15712786,21506955,-8928913065831122352,1361355235.159050,-11312,-6852,2572,nan,0.000000
2,5,4,0,15712786,21506987,-8928913065831119731,1361355235.164045,-12400,-4632,4872,nan,0.000000
2,5,4,0,15712786,21506987,-8928913065831117110,1361355235.164045,-13084,-6016,5648,nan,0.000000
2,5,4,0,15712786,21506987,-8928913065831114489,1361355235.164045,-12320,-6232,5228,nan,0.000000
2,5,4,0,15712786,21506987,-8928913065831111868,1361355235.164045,-16856,-6788,7500,nan,0.000000
2,5,4,0,15712786,21506987,-8928913065831109247,1361355235.164045,-13464,-14832,7904,nan,0.000000
2,5,5,0,15712786,21507019,-8928913065831106626,1361355235.167082,-17168,-8800,3532,nan,0.000000
2,5,5,0,15712786,21507019,-8928913065831104005,1361355235.167082,-13792,-4460,2520,nan,0.000000
2,5,5,0,15712786,21507019,-8928913065831101384,1361355235.167082,-16280,-9304,3164,nan,0.000000
2,5,5,0,15712786,21507019,-8928913065831098763,1361355235.167082,-12888,-2828,3312,nan,0.000000
2,5,5,0,15712786,21507019,-8928913065831096142,1361355235.167082,-12400,-5384,2112,nan,0.000000
2,5,6,0,15712786,21507051,-8928913065831093521,1361355235.170535,-11076,-9280,3324,nan,0.000000
2,5,6,0,15712786,21507051,-8928913065831090900,1361355235.170535,-11820,-8784,4392,nan,0.000000
2,5,6,0,15712786,21507051,-8928913065831088279,1361355235.170535,-17988,-10368,8332,nan,0.000000
2,5,6,0,15712786,21507051,-8928913065831085658,1361355235.170535,-17748,-9076,6116,nan,0.000000
2,5,6,0,15712786,21507051,-8928913065831083037,1361355235.170535,-15692,-1648,2224,nan,0.000000
2,5,7,0,15712786,21507083,-8928913065831080416,1361355235.172230,-16156,-1268,3716,nan,0.000000
2,5,7,0,15712786,21507083,-8928913065831077795,1361355235.172230,-12824,-11444,3324,nan,0.000000
2,5,7,0,15712786,21507083,-8928913065831075174,1361355235.172230,-11368,-3992,3724,nan,0.000000
2,5,7,0,15712786,21507083,-8928913065831072553,1361355235.172230,-11576,-4096,4920,nan,0.000000
2,5,7,0,15712786,21507083,-8928913065831069932,1361355235.172230,-12748,-6896,6380,nan,0.000000
2,5,8,0,15712786,21507115,-8928913065831067311,1361355235.180426,-15720,-6236,5924,nan,0.000000
2,5,8,0,15712786,21507115,-8928913065831064690,1361355235.180426,-15764,-13244,9740,nan,0.000000
2,5,8,0,15712786,21507115,-8928913065831062069,1361355235.180426,-14480,-12004,3396,nan,0.000000
2,5,8,0,15712786,21507115,-8928913065831059448,1361355235.180426,-15564,-3552,2572,nan,0.000000
2,5,8,0,15712786,21507115,-8928913065831056827,1361355235.180426,-15796,-10500,3316,nan,0.000000
2,5,9,0,15712786,21507147,-8928913065831054206,1361355237.638573,-11820,-4248,3768,nan,0.000000
2,5,9,0,15712786,21507147,-8928913065831051585,1361355237.638573,-11892,-4848,1800,nan,0.000000
2,5,9,0,15712786,21507147,-8928913065831048964,1361355237.638573,-11624,-8020,3264,nan,0.000000
2,5,9,0,15712786,21507147,-8928913065831046343,1361355237.638573,-12524,-8728,4440,nan,0.000000
2,5,9,0,15712786,21507147,-8928913065831043722,1361355237.638573,-17432,-11256,7616,nan,0.000000
1,5,10,0,15794091,21588266,578449689596246030,1361355237.639845,-14120,-3800,1220,nan,0.000000
1,5,10,0,15794091,21588266,578449689596248651,1361355237.639845,-15444,-2280,4260,nan,0.000000
2,5,11,0,15794091,21588297,578449689596251272,1361355237.640305,-13256,-11804,3512,nan,0.000000
2,5,11,0,15794091,21588297,578449689596253893,1361355237.640305,-11580,-5584,2072,nan,0.000000
2,5,11,0,15794091,21588297,578449689596256514,1361355237.640305,-12500,-5372,4932,nan,0.000000
2,5,11,0,15794091,21588297,578449689596259135,1361355237.640305,-12916,-6036,5556,nan,0.000000
2,5,11,0,15794091,21588297,578449689596261756,1361355237.640305,-15592,-6488,5472,nan,0.000000
2,5,12,0,15794091,21588330,578449689596264377,1361355237.641115,-16064,-10088,8720,nan,0.000000
2,5,12,0,15794091,21588330,578449689596266998,1361355237.641115,-14052,-12300,5360,nan,0.000000
2,5,12,0,15794091,21588330,578449689596269619,1361355237.641115,-15200,-6680,188,nan,0.000000
2,5,12,0,15794091,21588330,578449689596272240,1361355237.641115,-14580,-8948,924,nan,0.000000
2,5,12,0,15794091,21588330,578449689596274861,1361355237.641115,-14880,-6336,4596,nan,0.000000
2,5,13,0,15794091,21588361,578449689596277482,1361355237.642201,-13236,-5752,2208,nan,0.000000
2,5,13,0,15794091,21588361,578449689596280103,1361355237.642201,-10896,-8832,2964,nan,0.000000
2,5,13,0,15794091,21588361,578449689596282724,1361355237.642201,-12928,-8656,4348,nan,0.000000
2,5,13,0,15794091,21588361,578449689596285345,1361355237.642201,-14740,-8696,5376,nan,0.000000
2,5,13,0,15794091,21588361,578449689596287966,1361355237.642201,-14572,-7368,4392,nan,0.000000
2,5,14,0,15794091,21588394,578449689596290587,1361355237.643260,-15444,-6104,2944,nan,0.000000
2,5,14,0,15794091,21588394,578449689596293208,1361355237.643260,-15924,-10840,5544,nan,0.000000
2,5,14,0,15794091,21588394,578449689596295829,1361355237.643260,-9308,-10912,688,nan,0.000000
2,5,14,0,15794091,21588394,578449689596298450,1361355237.643260,-14968,-6932,3400,nan,0.000000
2,5,14,0,15794091,21588394,578449689596301071,1361355237.643260,-14124,-6104,4024,nan,0.000000
2,5,15,0,15794091,21588425,578449689596303692,1361355237.644175,-12692,-7008,3828,nan,0.000000
2,5,15,0,15794091,21588425,578449689596306313,1361355237.644175,-13824,-6456,4632,nan,0.000000
2,5,15,0,15794091,21588425,578449689596308934,1361355237.644175,-14084,-8676,6852,nan,0.000000
2,5,15,0,15794091,21588425,578449689596311555,1361355237.644175,-13932,-10900,6824,nan,0.000000
2,5,15,0,15794091,21588425,578449689596314176,1361355237.644175,-16160,-9284,4400,nan,0.000000
2,5,0,0,15794091,21588458,578449689596316797,1361355240.118448,-11064,-6448,1372,nan,0.000000
2,5,0,0,15794091,21588458,578449689596319418,1361355240.118448,-16528,-8524,3492,nan,0.000000
2,5,0,0,15794091,21588458,578449689596322039,1361355240.118448,-11764,-6480,3308,nan,0.000000
2,5,0,0,15794091,21588458,578449689596324660,1361355240.118448,-12652,-7052,1880,nan,0.000000
2,5,0,0,15794091,21588458,578449689596327281,1361355240.118448,-12260,-7332,3108,nan,0.000000
1,5,1,0,15875396,21669573,-6625440609324803067,1361355240.120160,-19888,-9916,7812,nan,0.000000
1,5,1,0,15875396,21669573,-6625440609324800446,1361355240.120160,-18152,-8472,2148,nan,0.000000
2,5,2,0,15875396,21669605,-6625440609324797825,1361355240.120767,-15932,296,2792,nan,0.000000
2,5,2,0,15875396,21669605,-6625440609324795204,1361355240.120767,-15388,-5304,4460,nan,0.000000
2,5,2,0,15875396,21669605,-6625440609324792583,1361355240.120767,-11492,-9068,2048,nan,0.000000
2,5,2,0,15875396,21669605,-6625440609324789962,1361355240.120767,-11688,-3868,3944,nan,0.000000
2,5,2,0,15875396,21669605,-6625440609324787341,1361355240.120767,-11336,-4920,5724,nan,0.000000
2,5,3,0,15875396,21669637,-6625440609324784720,1361355240.122223,-11416,-7012,5692,nan,0.000000
2,5,3,0,15875396,21669637,-6625440609324782099,1361355240.122223,-16640,-10128,9428,nan,0.000000
2,5,3,0,15875396,21669637,-6625440609324779478,1361355240.122223,-12776,-15248,8624,nan,0.000000
2,5,3,0,15875396,21669637,-6625440609324776857,1361355240.122223,-17404,-5960,3344,nan,0.000000
2,5,3,0,15875396,21669637,-6625440609324774236,1361355240.122223,-16276,-4188,4168,nan,0.000000
2,5,4,0,15875396,21669669,-6625440609324771615,1361355240.123284,-13364,-10012,5088,nan,0.000000
2,5,4,0,15875396,21669669,-6625440609324768994,1361355240.123284,-11320,-2212,2264,nan,0.000000
2,5,4,0,15875396,21669669,-6625440609324766373,1361355240.123284,-11264,-5772,3296,nan,0.000000
2,5,4,0,15875396,21669669,-6625440609324763752,1361355240.123284,-10852,-11192,2860,nan,0.000000
2,5,4,0,15875396,21669669,-6625440609324761131,1361355240.123284,-15820,-10952,6248,nan,0.000000
2,5,5,0,15875396,21669701,-6625440609324758510,1361355240.124157,-20408,-9016,7368,nan,0.000000
2,5,5,0,15875396,21669701,-6625440609324755889,1361355240.124157,-17140,-256,3188,nan,0.000000
2,5,5,0,15875396,21669701,-6625440609324753268,1361355240.124157,-17664,816,3800,nan,0.000000
2,5,5,0,15875396,21669701,-6625440609324750647,1361355240.124157,-12748,-12540,2724,nan,0.000000
2,5,5,0,15875396,21669701,-6625440609324748026,1361355240.124157,-8460,-2240,2864,nan,0.000000
2,5,6,0,15875396,21669733,-6625440609324745405,1361355240.124862,-10180,-4856,6364,nan,0.000000
2,5,6,0,15875396,21669733,-6625440609324742784,1361355240.124862,-12484,-9332,6392,nan,0.000000
2,5,6,0,15875396,21669733,-6625440609324740163,1361355240.124862,-18160,-9800,10988,nan,0.000000
2,5,6,0,15875396,21669733,-6625440609324737542,1361355240.124862,-15416,-12676,4756,nan,0.000000
2,5,6,0,15875396,21669733,-6625440609324734921,1361355240.124862,-17376,-2736,2032,nan,0.000000
2,5,7,0,15875396,21669765,-6625440609324732300,1361355242.600454,-18688,-8328,4812,nan,0.000000
2,5,7,0,15875396,21669765,-6625440609324729679,1361355242.600454,-11024,-5312,2536,nan,0.000000
2,5,7,0,15875396,21669765,-6625440609324727058,1361355242.600454,-10148,-2548,1820,nan,0.000000
2,5,7,0,15875396,21669765,-6625440609324724437,1361355242.600454,-12396,-9704,3008,nan,0.000000
2,5,7,0,15875396,21669765,-6625440609324721816,1361355242.600454,-10248,-12316,3228,nan,0.000000
1,5,8,0,15956701,21750882,-1726777600017904622,1361355242.602201,-17440,-7452,2344,nan,0.000000
1,5,8,0,15956701,21750882,-1726777600017902001,1361355242.602201,-18636,3816,5916,nan,0.000000
2,5,9,0,15956701,21750914,-1726777600017899380,1361355242.602604,-16316,-8560,2708,nan,0.000000
2,5,9,0,15956701,21750914,-1726777600017896759,1361355242.602604,-8932,-8040,2516,nan,0.000000
2,5,9,0,15956701,21750914,-1726777600017894138,1361355242.602604,-10584,-3128,4952,nan,0.000000
2,5,9,0,15956701,21750914,-1726777600017891517,1361355242.602604,-9856,-5908,6548,nan,0.000000
2,5,9,0,15956701,21750914,-1726777600017888896,1361355242.602604,-14636,-10232,7524,nan,0.000000
2,5,10,0,15956701,21750945,-1726777600017886275,1361355242.604067,-15660,-12856,9540,nan,0.000000
2,5,10,0,15956701,21750945,-1726777600017883654,1361355242.604067,-15544,-10336,3096,nan,0.000000
2,5,10,0,15956701,21750945,-1726777600017881033,1361355242.604067,-17092,-3924,4696,nan,0.000000
2,5,10,0,15956701,21750945,-1726777600017878412,1361355242.604067,-15100,-9484,4556,nan,0.000000
2,5,10,0,15956701,21750945,-1726777600017875791,1361355242.604067,-10716,-1928,1848,nan,0.000000
2,5,11,0,15956701,21750978,-1726777600017873170,1361355242.604807,-11112,-5236,2968,nan,0.000000
2,5,11,0,15956701,21750978,-1726777600017870549,1361355242.604807,-10044,-11012,3084,nan,0.000000
2,5,11,0,15956701,21750978,-1726777600017867928,1361355242.604807,-13592,-12648,5088,nan,0.000000
2,5,11,0,15956701,21750978,-1726777600017865307,1361355242.604807,-19456,-10708,9044,nan,0.000000
2,5,11,0,15956701,21750978,-1726777600017862686,1361355242.604807,-15968,-4912,1420,nan,0.000000
2,5,12,0,15956701,21751009,-1726777600017860065,1361355242.606056,-17812,1892,6544,nan,0.000000
2,5,12,0,15956701,21751009,-1726777600017857444,1361355242.606056,-15008,-13348,3100,nan,0.000000
2,5,12,0,15956701,21751009,-1726777600017854823,1361355242.606056,-8740,-4000,2820,nan,0.000000
2,5,12,0,15956701,21751009,-1726777600017852202,1361355242.606056,-10612,-4156,6168,nan,0.000000
2,5,12,0,15956701,21751009,-1726777600017849581,1361355242.606056,-10696,-6272,5900,nan,0.000000
2,5,13,0,15956701,21751042,-1726777600017846960,1361355242.607052,-15132,-9536,7644,nan,0.000000
2,5,13,0,15956701,21751042,-1726777600017844339,1361355242.607052,-14064,-14088,8732,nan,0.000000
2,5,13,0,15956701,21751042,-1726777600017841718,1361355242.607052,-16688,-9168,4348,nan,0.000000
2,5,13,0,15956701,21751042,-1726777600017839097,1361355242.607052,-14356,-2636,5392,nan,0.000000
2,5,13,0,15956701,21751042,-1726777600017836476,1361355242.607052,-17364,-11400,5392,nan,0.000000
2,5,14,0,15956701,21751073,-1726777600017833855,1361355245.082163,-11160,-2588,2508,nan,0.000000
2,5,14,0,15956701,21751073,-1726777600017831234,1361355245.082163,-10804,-5428,3272,nan,0.000000
2,5,14,0,15956701,21751073,-1726777600017828613,1361355245.082163,-10516,-10000,3072,nan,0.000000
2,5,14,0,15956701,21751073,-1726777600017825992,1361355245.082163,-13504,-11100,5252,nan,0.000000
2,5,14,0,15956701,21751073,-1726777600017823371,1361355245.082163,-18068,-11028,9564,nan,0.000000
1,5,15,0,16038005,21832190,-4031622257572459511,1361355245.083340,-17092,2468,7376,nan,0.000000
1,5,15,0,16038005,21832190,-4031622257572456890,1361355245.083340,-15736,-9984,3500,nan,0.000000
2,5,0,0,16038005,21832221,-4031622257572454269,1361355245.084050,-10056,-5828,3032,nan,0.000000
2,5,0,0,16038005,21832221,-4031622257572451648,1361355245.084050,-11020,-3856,5256,nan,0.000000
2,5,0,0,16038005,21832221,-4031622257572449027,1361355245.084050,-11604,-5964,6020,nan,0.000000
2,5,0,0,16038005,21832221,-4031622257572446406,1361355245.084050,-14204,-7676,7788,nan,0.000000
2,5,0,0,16038005,21832221,-4031622257572443785,1361355245.084050,-15216,-11956,7984,nan,0.000000
2,5,1,0,16038005,21832254,-4031622257572441164,1361355245.084967,-16940,-11680,5552,nan,0.000000
2,5,1,0,16038005,21832254,-4031622257572438543,1361355245.084967,-13812,-2604,5220,nan,0.000000
2,5,1,0,16038005,21832254,-4031622257572435922,1361355245.084967,-17712,-9460,4272,nan,0.000000
2,5,1,0,16038005,21832254,-4031622257572433301,1361355245.084967,-11040,-4140,3236,nan,0.000000
2,5,1,0,16038005,21832254,-4031622257572430680,1361355245.084967,-11920,-4520,3208,nan,0.000000
2,5,2,0,16038005,21832285,-4031622257572428059,1361355245.086009,-10804,-9820,3264,nan,0.000000
2,5,2,0,16038005,21832285,-4031622257572425438,1361355245.086009,-11720,-10616,4732,nan,0.000000
2,5,2,0,16038005,21832285,-4031622257572422817,1361355245.086009,-17316,-10656,8700,nan,0.000000
2,5,2,0,16038005,21832285,-4031622257572420196,1361355245.086009,-15820,-8808,2576,nan,0.000000
2,5,2,0,16038005,21832285,-4031622257572417575,1361355245.086009,-17824,1384,7072,nan,0.000000
2,5,3,0,16038005,21832318,-4031622257572414954,1361355245.086611,-16712,-7240,3036,nan,0.000000
2,5,3,0,16038005,21832318,-4031622257572412333,1361355245.086611,-10464,-9424,3356,nan,0.000000
2,5,3,0,16038005,21832318,-4031622257572409712,1361355245.086611,-10960,-4336,4532,nan,0.000000
2,5,3,0,16038005,21832318,-4031622257572407091,1361355245.086611,-11252,-6204,6564,nan,0.000000
2,5,3,0,16038005,21832318,-4031622257572404470,1361355245.086611,-13500,-8544,6204,nan,0.000000
2,5,4,0,16038005,21832349,-4031622257572401849,1361355245.088055,-15192,-9940,7180,nan,0.000000
2,5,4,0,16038005,21832349,-4031622257572399228,1361355245.088055,-16136,-11204,3332,nan,0.000000
2,5,4,0,16038005,21832349,-4031622257572396607,1361355245.088055,-14712,-4596,3936,nan,0.000000
2,5,4,0,16038005,21832349,-4031622257572393986,1361355245.088055,-17880,-7692,5064,nan,0.000000
2,5,4,0,16038005,21832349,-4031622257572391365,1361355245.088055,-13444,-4008,2776,nan,0.000000
1,5,6,0,16119309,22076115,-1438569267853119477,1361355252.528154,-16564,-6180,2188,nan,0.000000
1,5,6,0,16119309,22076115,-1438569267853116856,1361355252.528154,-11888,-6736,4632,nan,0.000000
2,5,7,0,16119309,22076147,-1438569267853114235,1361355252.529100,-14716,-3852,7340,nan,0.000000
2,5,7,0,16119309,22076147,-1438569267853111614,1361355252.529100,-12932,-6888,4432,nan,0.000000
2,5,7,0,16119309,22076147,-1438569267853108993,1361355252.529100,-13380,-7312,7148,nan,0.000000
2,5,7,0,16119309,22076147,-1438569267853106372,1361355252.529100,-15708,-6228,8248,nan,0.000000
2,5,7,0,16119309,22076147,-1438569267853103751,1361355252.529100,-17716,-6676,3244,nan,0.000000
2,5,8,0,16119309,22076179,-1438569267853101130,1361355252.530023,-12872,-4244,-372,nan,0.000000
2,5,8,0,16119309,22076179,-1438569267853098509,1361355252.530023,-17908,-9644,4672,nan,0.000000
2,5,8,0,16119309,22076179,-1438569267853095888,1361355252.530023,-13792,-5900,2516,nan,0.000000
2,5,8,0,16119309,22076179,-1438569267853093267,1361355252.530023,-12060,-7060,1172,nan,0.000000
2,5,8,0,16119309,22076179,-1438569267853090646,1361355252.530023,-13516,-9288,4080,nan,0.000000
2,5,9,0,16119309,22076210,-1438569267853088025,1361355252.530939,-15108,-10672,2664,nan,0.000000
2,5,9,0,16119309,22076210,-1438569267853085404,1361355252.530939,-18472,-11760,3188,nan,0.000000
2,5,9,0,16119309,22076210,-1438569267853082783,1361355252.530939,-21300,-2476,448,nan,0.000000
2,5,9,0,16119309,22076210,-1438569267853080162,1361355252.530939,-13552,2732,2616,nan,0.000000
2,5,9,0,16119309,22076210,-1438569267853077541,1361355252.530939,-18304,-8772,2364,nan,0.000000
2,5,10,0,16119309,22076243,-1438569267853074920,1361355252.531900,-14040,-10280,2244,nan,0.000000
2,5,10,0,16119309,22076243,-1438569267853072299,1361355252.531900,-16356,-5488,5344,nan,0.000000
2,5,10,0,16119309,22076243,-1438569267853069678,1361355252.531900,-10472,-5608,4008,nan,0.000000
2,5,10,0,16119309,22076243,-1438569267853067057,1361355252.531900,-8500,-7560,1308,nan,0.000000
2,5,10,0,16119309,22076243,-1438569267853064436,1361355252.531900,-12500,-5532,-4004,nan,0.000000
2,5,11,0,16119309,22076274,-1438569267853061815,1361355252.532562,-20084,-3988,-1520,nan,0.000000
2,5,11,0,16119309,22076274,-1438569267853059194,1361355252.532562,-18952,-11088,3188,nan,0.000000
2,5,11,0,16119309,22076274,-1438569267853056573,1361355252.532562,-21752,-8084,128,nan,0.000000
2,5,11,0,16119309,22076274,-1438569267853053952,1361355252.532562,-16976,-4708,-592,nan,0.000000
2,5,11,0,16119309,22076274,-1438569267853051331,1361355252.532562,-10160,-628,-888,nan,0.000000
2,5,12,0,16119309,22076307,-1438569267853048710,1361355252.533246,-6600,1912,-4156,nan,0.000000
2,5,12,0,16119309,22076307,-1438569267853046089,1361355252.533246,-22908,220,2540,nan,0.000000
2,5,12,0,16119309,22076307,-1438569267853043468,1361355252.533246,-21372,-14564,1456,nan,0.000000
2,5,12,0,16119309,22076307,-1438569267853040847,1361355252.533246,-16176,-5704,2640,nan,0.000000
2,5,12,0,16119309,22076307,-1438569267853038226,1361355252.533246,-12496,-5788,5192,nan,0.000000
1,5,13,0,16200614,22076339,-1438376711184530193,1361355252.533996,-7072,-3556,-6736,nan,0.000000
1,5,13,15,16200614,22076339,-1438376711184527572,1361355252.533996,-25052,-4052,900,nan,0.000000
2,5,14,15,16200614,22076371,-1438376711184524951,1361355252.534480,-20788,-9900,2912,nan,0.000000
2,5,14,15,16200614,22076371,-1438376711184522330,1361355252.534480,-22680,-9224,-1760,nan,0.000000
2,5,14,15,16200614,22076371,-1438376711184519709,1361355252.534480,-14240,-1156,308,nan,0.000000
2,5,14,15,16200614,22076371,-1438376711184517088,1361355252.534480,-5572,756,-2144,nan,0.000000
2,5,14,15,16200614,22076371,-1438376711184514467,1361355252.534480,-8520,1580,-3856,nan,0.000000
2,5,15,15,16200614,22076403,-1438376711184511846,1361355252.535975,-26684,-11312,7312,nan,0.000000
2,5,15,15,16200614,22076403,-1438376711184509225,1361355252.535975,-19960,-8928,-364,nan,0.000000
2,5,15,15,16200614,22076403,-1438376711184506604,1361355252.535975,-14936,-4312,4428,nan,0.000000
2,5,15,15,16200614,22076403,-1438376711184503983,1361355252.535975,-9352,-7136,3244,nan,0.000000
2,5,15,15,16200614,22076403,-1438376711184501362,1361355252.535975,-5724,-4368,-3336,nan,0.000000
2,5,0,15,16200614,22076435,-1438376711184498741,1361355252.536682,-15916,-2968,-6024,nan,0.000000
2,5,0,15,16200614,22076435,-1438376711184496120,1361355252.536682,-21088,-6624,6780,nan,0.000000
2,5,0,15,16200614,22076435,-1438376711184493499,1361355252.536682,-20708,-7440,980,nan,0.000000
2,5,0,15,16200614,22076435,-1438376711184490878,1361355252.536682,-17776,-7748,-436,nan,0.000000
2,5,0,15,16200614,22076435,-1438376711184488257,1361355252.536682,-15212,-3772,892,nan,0.000000
2,5,1,15,16200614,22076467,-1438376711184485636,1361355252.537810,-10424,-1044,-2656,nan,0.000000
2,5,1,15,16200614,22076467,-1438376711184483015,1361355252.537810,-15536,4860,1644,nan,0.000000
2,5,1,15,16200614,22076467,-1438376711184480394,1361355252.537810,-17016,-5144,1580,nan,0.000000
2,5,1,15,16200614,22076467,-1438376711184477773,1361355252.537810,-17976,-7076,1240,nan,0.000000
2,5,1,15,16200614,22076467,-1438376711184475152,1361355252.537810,-18868,-4224,5772,nan,0.000000
2,5,2,15,16200614,22076499,-1438376711184472531,1361355252.538653,-13332,-4912,3568,nan,0.000000
2,5,2,15,16200614,22076499,-1438376711184469910,1361355252.538653,-10672,-7060,1444,nan,0.000000
2,5,2,15,16200614,22076499,-1438376711184467289,1361355252.538653,-12160,-4732,-3392,nan,0.000000
2,5,2,15,16200614,22076499,-1438376711184464668,1361355252.538653,-18500,-2140,-1876,nan,0.000000
2,5,2,15,16200614,22076499,-1438376711184462047,1361355252.538653,-18748,-7088,3208,nan,0.000000
2,5,3,15,16200614,22076531,-1438376711184459426,1361355252.539912,-20300,-8688,1348,nan,0.000000
2,5,3,15,16200614,22076531,-1438376711184456805,1361355252.539912,-17768,-6220,-576,nan,0.000000
2,5,3,15,16200614,22076531,-1438376711184454184,1361355252.539912,-13168,-1788,468,nan,0.000000
2,5,3,15,16200614,22076531,-1438376711184451563,1361355252.539912,-9212,-1240,-3776,nan,0.000000
2,5,3,15,16200614,22076531,-1438376711184448942,1361355252.539912,-19668,2580,3928,nan,0.000000
1,5,4,0,16281918,22076563,-4540273942526802939,1361355252.540417,-17496,-5108,1624,nan,0.000000
1,5,4,0,16281918,22076563,-4540273942526800318,1361355252.540417,-16504,-4084,5356,nan,0.000000
2,5,5,0,16281918,22076595,-4540273942526797697,1361355252.541993,-9432,-5900,3244,nan,0.000000
2,5,5,0,16281918,22076595,-4540273942526795076,1361355252.541993,-6744,-5340,1552,nan,0.000000
2,5,5,0,16281918,22076595,-4540273942526792455,1361355252.541993,-15436,-6032,-3608,nan,0.000000
2,5,5,0,16281918,22076595,-4540273942526789834,1361355252.541993,-19908,-4452,1120,nan,0.000000
2,5,5,0,16281918,22076595,-4540273942526787213,1361355252.541993,-17476,-4520,476,nan,0.000000
2,5,6,0,16281918,22076627,-4540273942526784592,1361355252.542489,-15260,-6184,-712,nan,0.000000
2,5,6,0,16281918,22076627,-4540273942526781971,1361355252.542489,-13140,-6188,-2708,nan,0.000000
2,5,6,0,16281918,22076627,-4540273942526779350,1361355252.542489,-15504,-4248,-264,nan,0.000000
2,5,6,0,16281918,22076627,-4540273942526776729,1361355252.542489,-12952,-4432,-680,nan,0.000000
2,5,6,0,16281918,22076627,-4540273942526774108,1361355252.542489,-14176,-6976,572,nan,0.000000
2,5,7,0,16281918,22076659,-4540273942526771487,1361355252.544106,-15180,-6040,536,nan,0.000000
2,5,7,0,16281918,22076659,-4540273942526768866,1361355252.544106,-12620,-4484,-504,nan,0.000000
2,5,7,0,16281918,22076659,-4540273942526766245,1361355252.544106,-14524,-7488,864,nan,0.000000
2,5,7,0,16281918,22076659,-4540273942526763624,1361355252.544106,-19600,-7992,4872,nan,0.000000
2,5,7,0,16281918,22076659,-4540273942526761003,1361355252.544106,-15800,-4900,3416,nan,0.000000
2,5,8,0,16281918,22076691,-4540273942526758382,1361355252.544607,-16440,-5932,6716,nan,0.000000
2,5,8,0,16281918,22076691,-4540273942526755761,1361355252.544607,-13400,-6636,4892,nan,0.000000
2,5,8,0,16281918,22076691,-4540273942526753140,1361355252.544607,-12384,-7844,3840,nan,0.000000
2,5,8,0,16281918,22076691,-4540273942526750519,1361355252.544607,-12052,-5608,5240,nan,0.000000
2,5,8,0,16281918,22076691,-4540273942526747898,1361355252.544607,-12404,-7516,5172,nan,0.000000
2,5,9,0,16281918,22076723,-4540273942526745277,1361355252.546082,-11344,-7360,3764,nan,0.000000
2,5,9,0,16281918,22076723,-4540273942526742656,1361355252.546082,-13936,-5884,5448,nan,0.000000
2,5,9,0,16281918,22076723,-4540273942526740035,1361355252.546082,-13012,-6040,6448,nan,0.000000
2,5,9,0,16281918,22076723,-4540273942526737414,1361355252.546082,-9388,-4064,2728,nan,0.000000
2,5,9,0,16281918,22076723,-4540273942526734793,1361355252.546082,-23884,-6136,892,nan,0.000000
2,5,10,0,16281918,22076755,-4540273942526732172,1361355255.008114,-17204,-15964,3496,nan,0.000000
2,5,10,0,16281918,22076755,-4540273942526729551,1361355255.008114,-15776,-8212,2464,nan,0.000000
2,5,10,0,16281918,22076755,-4540273942526726930,1361355255.008114,-16544,-2796,3284,nan,0.000000
2,5,10,0,16281918,22076755,-4540273942526724309,1361355255.008114,-10616,-4476,1620,nan,0.000000
2,5,10,0,16281918,22076755,-4540273942526721688,1361355255.008114,-9916,-7164,676,nan,0.000000
1,5,11,0,16363221,22157420,-6914735308705454067,1361355255.009323,-10044,-5116,4296,nan,0.000000
1,5,11,0,16363221,22157420,-6914735308705451446,1361355255.009323,-24980,-14880,16252,nan,0.000000
2,5,12,0,16363221,22157452,-6914735308705448825,1361355255.009858,-10552,-7564,1256,nan,0.000000
2,5,12,0,16363221,22157452,-6914735308705446204,1361355255.009858,-14172,-8368,8212,nan,0.000000
2,5,12,0,16363221,22157452,-6914735308705443583,1361355255.009858,-9652,-5172,2084,nan,0.000000
2,5,12,0,16363221,22157452,-6914735308705440962,1361355255.009858,-6608,-308,-1140,nan,0.000000
2,5,12,0,16363221,22157452,-6914735308705438341,1361355255.009858,-30796,-13008,8812,nan,0.000000
2,5,13,0,16363221,22157484,-6914735308705435720,1361355255.010832,-12016,-11520,1052,nan,0.000000
2,5,13,0,16363221,22157484,-6914735308705433099,1361355255.010832,-15744,-6424,3100,nan,0.000000
2,5,13,0,16363221,22157484,-6914735308705430478,1361355255.010832,-15112,-4740,3868,nan,0.000000
2,5,13,0,16363221,22157484,-6914735308705427857,1361355255.010832,-6616,-6004,-2128,nan,0.000000
2,5,13,0,16363221,22157484,-6914735308705425236,1361355255.010832,-4980,-2920,1536,nan,0.000000
2,5,14,0,16363221,22157516,-6914735308705422615,1361355255.011769,-31688,-12596,15736,nan,0.000000
2,5,14,0,16363221,22157516,-6914735308705419994,1361355255.011769,-11032,-8064,-532,nan,0.000000
2,5,14,0,16363221,22157516,-6914735308705417373,1361355255.011769,-14744,-8140,9080,nan,0.000000
2,5,14,0,16363221,22157516,-6914735308705414752,1361355255.011769,-9220,-3760,1252,nan,0.000000
2,5,14,0,16363221,22157516,-6914735308705412131,1361355255.011769,-7244,800,-1892,nan,0.000000
2,5,15,0,16363221,22157548,-6914735308705409510,1361355255.012652,-31188,-14080,11036,nan,0.000000
2,5,15,0,16363221,22157548,-6914735308705406889,1361355255.012652,-11540,-10892,704,nan,0.000000
2,5,15,0,16363221,22157548,-6914735308705404268,1361355255.012652,-17680,-6372,6820,nan,0.000000
2,5,15,0,16363221,22157548,-6914735308705401647,1361355255.012652,-11656,-7848,1444,nan,0.000000
2,5,15,0,16363221,22157548,-6914735308705399026,1361355255.012652,-4656,-2712,136,nan,0.000000
2,5,0,0,16363221,22157580,-6914735308705396405,1361355255.013774,-18592,-7500,5152,nan,0.000000
2,5,0,0,16363221,22157580,-6914735308705393784,1361355255.013774,-17608,-11636,14180,nan,0.000000
2,5,0,0,16363221,22157580,-6914735308705391163,1361355255.013774,-11840,-8232,2320,nan,0.000000
2,5,0,0,16363221,22157580,-6914735308705388542,1361355255.013774,-13376,-5408,7364,nan,0.000000
2,5,0,0,16363221,22157580,-6914735308705385921,1361355255.013774,-11972,-6792,3592,nan,0.000000
2,5,1,0,16363221,22157612,-6914735308705383300,1361355257.490089,-9180,-4236,2152,nan,0.000000
2,5,1,0,16363221,22157612,-6914735308705380679,1361355257.490089,-21404,-3164,1884,nan,0.000000
2,5,1,0,16363221,22157612,-6914735308705378058,1361355257.490089,-19012,-16868,7880,nan,0.000000
2,5,1,0,16363221,22157612,-6914735308705375437,1361355257.490089,-12364,-8832,3284,nan,0.000000
2,5,1,0,16363221,22157612,-6914735308705372816,1361355257.490089,-14856,-3780,5200,nan,0.000000
1,5,2,0,16444525,22238767,6631450341599373320,1361355257.491859,-9288,-12012,3772,nan,0.000000
1,5,2,0,16444525,22238767,6631450341599375941,1361355257.491859,-11080,-3616,1756,nan,0.000000
2,5,3,0,16444525,22238798,6631450341599378562,1361355257.492462,-24416,-7524,12076,nan,0.000000
2,5,3,0,16444525,22238798,6631450341599381183,1361355257.492462,-14604,-13784,5912,nan,0.000000
2,5,3,0,16444525,22238798,6631450341599383804,1361355257.492462,-10868,-6080,4716,nan,0.000000
2,5,3,0,16444525,22238798,6631450341599386425,1361355257.492462,-10424,-5700,6776,nan,0.000000
2,5,3,0,16444525,22238798,6631450341599389046,1361355257.492462,-9632,-5900,3984,nan,0.000000
2,5,4,0,16444525,22238830,6631450341599391667,1361355257.496148,-13124,-6612,8132,nan,0.000000
2,5,4,0,16444525,22238830,6631450341599394288,1361355257.496148,-15500,-10392,5264,nan,0.000000
2,5,4,0,16444525,22238830,6631450341599396909,1361355257.496148,-25804,-9596,3980,nan,0.000000
2,5,4,0,16444525,22238830,6631450341599399530,1361355257.496148,-16668,-12476,5092,nan,0.000000
2,5,4,0,16444525,22238830,6631450341599402151,1361355257.496148,-13264,-3076,5004,nan,0.000000
2,5,5,0,16444525,22238862,6631450341599404772,1361355257.501734,-9156,-2492,1652,nan,0.000000
2,5,5,0,16444525,22238862,6631450341599407393,1361355257.501734,-10048,-9784,2628,nan,0.000000
2,5,5,0,16444525,22238862,6631450341599410014,1361355257.501734,-13480,-12312,7000,nan,0.000000
2,5,5,0,16444525,22238862,6631450341599412635,1361355257.501734,-18664,-11640,9272,nan,0.000000
2,5,5,0,16444525,22238862,6631450341599415256,1361355257.501734,-15660,-3384,2692,nan,0.000000
2,5,6,0,16444525,22238894,6631450341599417877,1361355257.504837,-16404,1268,5944,nan,0.000000
2,5,6,0,16444525,22238894,6631450341599420498,1361355257.504837,-15064,-13952,4372,nan,0.000000
2,5,6,0,16444525,22238894,6631450341599423119,1361355257.504837,-9432,-3808,2308,nan,0.000000
2,5,6,0,16444525,22238894,6631450341599425740,1361355257.504837,-12880,-3824,6776,nan,0.000000
2,5,6,0,16444525,22238894,6631450341599428361,1361355257.504837,-13144,-6356,6260,nan,0.000000
2,5,7,0,16444525,22238926,6631450341599430982,1361355257.507453,-14180,-6816,5740,nan,0.000000
2,5,7,0,16444525,22238926,6631450341599433603,1361355257.507453,-15660,-9828,9736,nan,0.000000
2,5,7,0,16444525,22238926,6631450341599436224,1361355257.507453,-11496,-12608,6948,nan,0.000000
2,5,7,0,16444525,22238926,6631450341599438845,1361355257.507453,-18180,-7600,3888,nan,0.000000
2,5,7,0,16444525,22238926,6631450341599441466,1361355257.507453,-11724,-4124,1616,nan,0.000000
2,5,8,0,16444525,22238958,6631450341599444087,1361355259.969975,-15868,-10000,2680,nan,0.000000
2,5,8,0,16444525,22238958,6631450341599446708,1361355259.969975,-14300,-4428,4920,nan,0.000000
2,5,8,0,16444525,22238958,6631450341599449329,1361355259.969975,-11456,-8228,2864,nan,0.000000
2,5,8,0,16444525,22238958,6631450341599451950,1361355259.969975,-11576,-8688,3940,nan,0.000000
2,5,8,0,16444525,22238958,6631450341599454571,1361355259.969975,-15152,-8576,5184,nan,0.000000
1,5,9,0,16525829,22320038,4040772225593800714,1361355259.971722,-17236,-8184,5088,nan,0.000000
1,5,9,0,16525829,22320038,4040772225593803335,1361355259.971722,-14056,-5616,3108,nan,0.000000
2,5,10,0,16525829,22320070,4040772225593805956,1361355259.972122,-12256,-5272,1256,nan,0.000000
2,5,10,0,16525829,22320070,4040772225593808577,1361355259.972122,-17364,-7856,5704,nan,0.000000
2,5,10,0,16525829,22320070,4040772225593811198,1361355259.972122,-13796,-7556,3368,nan,0.000000
2,5,10,0,16525829,22320070,4040772225593813819,1361355259.972122,-12260,-7068,2948,nan,0.000000
2,5,10,0,16525829,22320070,4040772225593816440,1361355259.972122,-14572,-6836,3628,nan,0.000000
2,5,11,0,16525829,22320101,4040772225593819061,1361355259.973699,-13876,-6680,3152,nan,0.000000
2,5,11,0,16525829,22320101,4040772225593821682,1361355259.973699,-15576,-5540,4108,nan,0.000000
2,5,11,0,16525829,22320101,4040772225593824303,1361355259.973699,-14224,-4492,3980,nan,0.000000
2,5,11,0,16525829,22320101,4040772225593826924,1361355259.973699,-15908,-6712,2056,nan,0.000000
2,5,11,0,16525829,22320101,4040772225593829545,1361355259.973699,-15488,-5732,248,nan,0.000000
2,5,12,0,16525829,22320134,4040772225593832166,1361355259.974795,-16776,-8412,1152,nan,0.000000
2,5,12,0,16525829,22320134,4040772225593834787,1361355259.974795,-12856,-9300,1824,nan,0.000000
2,5,12,0,16525829,22320134,4040772225593837408,1361355259.974795,-13480,-9376,1412,nan,0.000000
2,5,12,0,16525829,22320134,4040772225593840029,1361355259.974795,-14720,-9468,704,nan,0.000000
2,5,12,0,16525829,22320134,4040772225593842650,1361355259.974795,-14736,-6924,1844,nan,0.000000
2,5,13,0,16525829,22320165,4040772225593845271,1361355259.975707,-14348,-7040,1176,nan,0.000000
2,5,13,0,16525829,22320165,4040772225593847892,1361355259.975707,-14656,-8060,1520,nan,0.000000
2,5,13,0,16525829,22320165,4040772225593850513,1361355259.975707,-13896,-7352,1240,nan,0.000000
2,5,13,0,16525829,22320165,4040772225593853134,1361355259.975707,-15212,-6420,2344,nan,0.000000
2,5,13,0,16525829,22320165,4040772225593855755,1361355259.975707,-15456,-5888,5864,nan,0.000000
2,5,14,0,16525829,22320198,4040772225593858376,1361355259.976508,-14484,-7268,5324,nan,0.000000
2,5,14,0,16525829,22320198,4040772225593860997,1361355259.976508,-14064,-7640,4964,nan,0.000000
2,5,14,0,16525829,22320198,4040772225593863618,1361355259.976508,-14664,-6868,6856,nan,0.000000
2,5,14,0,16525829,22320198,4040772225593866239,1361355259.976508,-14240,-7080,6416,nan,0.000000
2,5,14,0,16525829,22320198,4040772225593868860,1361355259.976508,-13044,-6408,6032,nan,0.000000
2,5,15,0,16525829,22320229,4040772225593871481,1361355262.451938,-12304,-7228,5604,nan,0.000000
2,5,15,0,16525829,22320229,4040772225593874102,1361355262.451938,-12896,-7368,6684,nan,0.000000
2,5,15,0,16525829,22320229,4040772225593876723,1361355262.451938,-12268,-7788,5780,nan,0.000000
2,5,15,0,16525829,22320229,4040772225593879344,1361355262.451938,-12020,-8112,5648,nan,0.000000
2,5,15,0,16525829,22320229,4040772225593881965,1361355262.451938,-13296,-8320,6408,nan,0.000000
1,5,0,0,16607133,22401345,2024993532763038741,1361355262.453051,-14484,-7828,5520,nan,0.000000
1,5,0,0,16607133,22401345,2024993532763041362,1361355262.453051,-13480,-7792,4596,nan,0.000000
2,5,1,0,16607133,22401377,2024993532763043983,1361355262.453603,-12316,-7748,2568,nan,0.000000
2,5,1,0,16607133,22401377,2024993532763046604,1361355262.453603,-15180,-9444,5352,nan,0.000000
2,5,1,0,16607133,22401377,2024993532763049225,1361355262.453603,-11228,-7696,3732,nan,0.000000
2,5,1,0,16607133,22401377,2024993532763051846,1361355262.453603,-11460,-10436,3400,nan,0.000000
2,5,1,0,16607133,22401377,2024993532763054467,1361355262.453603,-12424,-9528,4520,nan,0.000000
2,5,2,0,16607133,22401409,2024993532763057088,1361355262.454478,-12360,-8308,4436,nan,0.000000
2,5,2,0,16607133,22401409,2024993532763059709,1361355262.454478,-13020,-9328,5308,nan,0.000000
2,5,2,0,16607133,22401409,2024993532763062330,1361355262.454478,-15156,-10376,5732,nan,0.000000
2,5,2,0,16607133,22401409,2024993532763064951,1361355262.454478,-17084,-10568,4376,nan,0.000000
2,5,2,0,16607133,22401409,2024993532763067572,1361355262.454478,-15464,-4944,3428,nan,0.000000
2,5,3,0,16607133,22401441,2024993532763070193,1361355262.455592,-13388,-1980,2080,nan,0.000000
2,5,3,0,16607133,22401441,2024993532763072814,1361355262.455592,-17572,-5936,5628,nan,0.000000
2,5,3,0,16607133,22401441,2024993532763075435,1361355262.455592,-12176,-8080,2348,nan,0.000000
2,5,3,0,16607133,22401441,2024993532763078056,1361355262.455592,-11728,-5480,4012,nan,0.000000
2,5,3,0,16607133,22401441,2024993532763080677,1361355262.455592,-13120,-5620,5480,nan,0.000000
2,5,4,0,16607133,22401473,2024993532763083298,1361355262.456546,-11488,-5396,4712,nan,0.000000
2,5,4,0,16607133,22401473,2024993532763085919,1361355262.456546,-16508,-7248,6944,nan,0.000000
2,5,4,0,16607133,22401473,2024993532763088540,1361355262.456546,-14268,-13468,8596,nan,0.000000
2,5,4,0,16607133,22401473,2024993532763091161,1361355262.456546,-16172,-11132,5232,nan,0.000000
2,5,4,0,16607133,22401473,2024993532763093782,1361355262.456546,-14712,-4232,2500,nan,0.000000
2,5,5,0,16607133,22401505,2024993532763096403,1361355262.457610,-13792,-7752,1476,nan,0.000000
2,5,5,0,16607133,22401505,2024993532763099024,1361355262.457610,-13384,-7444,4760,nan,0.000000
2,5,5,0,16607133,22401505,2024993532763101645,1361355262.457610,-12112,-3960,1272,nan,0.000000
2,5,5,0,16607133,22401505,2024993532763104266,1361355262.457610,-12348,-8252,4360,nan,0.000000
2,5,5,0,16607133,22401505,2024993532763106887,1361355262.457610,-11236,-10432,3408,nan,0.000000
2,5,6,0,16607133,22401537,2024993532763109508,1361355264.933941,-14764,-8912,4868,nan,0.000000
2,5,6,0,16607133,22401537,2024993532763112129,1361355264.933941,-19884,-8704,8960,nan,0.000000
2,5,6,0,16607133,22401537,2024993532763114750,1361355264.933941,-16180,-6032,1492,nan,0.000000
2,5,6,0,16607133,22401537,2024993532763117371,1361355264.933941,-17232,2356,4976,nan,0.000000
2,5,6,0,16607133,22401537,2024993532763119992,1361355264.933941,-15288,-8700,3580,nan,0.000000
1,5,7,0,16688436,22482653,9852579088565267,1361355264.935382,-11100,-2872,4220,nan,0.000000
1,5,7,0,16688436,22482653,9852579088567888,1361355264.935382,-12720,-6180,7568,nan,0.000000
2,5,8,0,16688436,22482685,9852579088570509,1361355264.935908,-13788,-9052,6264,nan,0.000000
2,5,8,0,16688436,22482685,9852579088573130,1361355264.935908,-15460,-11808,8232,nan,0.000000
2,5,8,0,16688436,22482685,9852579088575751,1361355264.935908,-13968,-12508,4316,nan,0.000000
2,5,8,0,16688436,22482685,9852579088578372,1361355264.935908,-15488,-3672,3980,nan,0.000000
2,5,8,0,16688436,22482685,9852579088580993,1361355264.935908,-15836,-7944,2620,nan,0.000000
2,5,9,0,16688436,22482717,9852579088583614,1361355264.936904,-13692,-6420,4856,nan,0.000000
2,5,9,0,16688436,22482717,9852579088586235,1361355264.936904,-12128,-3404,1708,nan,0.000000
2,5,9,0,16688436,22482717,9852579088588856,1361355264.936904,-11584,-7312,3056,nan,0.000000
2,5,9,0,16688436,22482717,9852579088591477,1361355264.936904,-11020,-9176,3784,nan,0.000000
2,5,9,0,16688436,22482717,9852579088594098,1361355264.936904,-14660,-11652,7256,nan,0.000000
2,5,10,0,16688436,22482749,9852579088596719,1361355264.937915,-19924,-10448,8032,nan,0.000000
2,5,10,0,16688436,22482749,9852579088599340,1361355264.937915,-16732,-2800,2908,nan,0.000000
2,5,10,0,16688436,22482749,9852579088601961,1361355264.937915,-15520,1812,4060,nan,0.000000
2,5,10,0,16688436,22482749,9852579088604582,1361355264.937915,-15268,-10180,4160,nan,0.000000
2,5,10,0,16688436,22482749,9852579088607203,1361355264.937915,-9968,-4916,2784,nan,0.000000
2,5,11,0,16688436,22482781,9852579088609824,1361355264.938874,-10024,-3656,3904,nan,0.000000
2,5,11,0,16688436,22482781,9852579088612445,1361355264.938874,-13368,-7520,8076,nan,0.000000
2,5,11,0,16688436,22482781,9852579088615066,1361355264.938874,-14604,-8016,6244,nan,0.000000
2,5,11,0,16688436,22482781,9852579088617687,1361355264.938874,-15424,-14404,10448,nan,0.000000
2,5,11,0,16688436,22482781,9852579088620308,1361355264.938874,-13884,-11384,3596,nan,0.000000
2,5,12,0,16688436,22482813,9852579088622929,1361355264.939829,-15464,-3072,3976,nan,0.000000
2,5,12,0,16688436,22482813,9852579088625550,1361355264.939829,-16460,-10520,4068,nan,0.000000
2,5,12,0,16688436,22482813,9852579088628171,1361355264.939829,-11676,-4328,3540,nan,0.000000
2,5,12,0,16688436,22482813,9852579088630792,1361355264.939829,-11916,-3648,2016,nan,0.000000
2,5,12,0,16688436,22482813,9852579088633413,1361355264.939829,-11904,-9432,4008,nan,0.000000
1,5,14,0,16769740,22807884,5773813521305158669,1361355274.859631,-10592,-3992,2616,nan,0.000000
1,5,14,0,16769740,22807884,5773813521305161290,1361355274.859631,-11528,-4256,4688,nan,0.000000
2,5,15,0,16769740,22807916,5773813521305163911,1361355274.860506,-12248,-6888,5488,nan,0.000000
2,5,15,0,16769740,22807916,5773813521305166532,1361355274.860506,-16296,-7732,5992,nan,0.000000
2,5,15,0,16769740,22807916,5773813521305169153,1361355274.860506,-15104,-14756,8796,nan,0.000000
2,5,15,0,16769740,22807916,5773813521305171774,1361355274.860506,-16848,-9304,2344,nan,0.000000
2,5,15,0,16769740,22807916,5773813521305174395,1361355274.860506,-14088,-3624,380,nan,0.000000
2,5,0,0,16769740,22807948,5773813521305177016,1361355274.861436,-17472,-11336,2716,nan,0.000000
2,5,0,0,16769740,22807948,5773813521305179637,1361355274.861436,-11304,-3340,1776,nan,0.000000
2,5,0,0,16769740,22807948,5773813521305182258,1361355274.861436,-11240,-4380,1656,nan,0.000000
2,5,0,0,16769740,22807948,5773813521305184879,1361355274.861436,-11748,-10072,3420,nan,0.000000
2,5,0,0,16769740,22807948,5773813521305187500,1361355274.861436,-11952,-10084,2208,nan,0.000000
2,5,1,0,16769740,22807980,5773813521305190121,1361355274.862319,-19868,-11032,8896,nan,0.000000
2,5,1,0,16769740,22807980,5773813521305192742,1361355274.862319,-16300,-9064,2544,nan,0.000000
2,5,1,0,16769740,22807980,5773813521305195363,1361355274.862319,-16548,672,4428,nan,0.000000
2,5,1,0,16769740,22807980,5773813521305197984,1361355274.862319,-14696,-3768,3896,nan,0.000000
2,5,1,0,16769740,22807980,5773813521305200605,1361355274.862319,-12192,-10924,3844,nan,0.000000
2,5,2,0,16769740,22808012,5773813521305203226,1361355274.863384,-11056,-2996,4048,nan,0.000000
2,5,2,0,16769740,22808012,5773813521305205847,1361355274.863384,-11660,-5532,6180,nan,0.000000
2,5,2,0,16769740,22808012,5773813521305208468,1361355274.863384,-12548,-7056,5916,nan,0.000000
2,5,2,0,16769740,22808012,5773813521305211089,1361355274.863384,-17084,-8308,7940,nan,0.000000
2,5,2,0,16769740,22808012,5773813521305213710,1361355274.863384,-14320,-15952,6664,nan,0.000000
2,5,3,0,16769740,22808044,5773813521305216331,1361355274.864350,-17212,-5588,3444,nan,0.000000
2,5,3,0,16769740,22808044,5773813521305218952,1361355274.864350,-13832,-4748,2780,nan,0.000000
2,5,3,0,16769740,22808044,5773813521305221573,1361355274.864350,-15032,-9340,4100,nan,0.000000
2,5,3,0,16769740,22808044,5773813521305224194,1361355274.864350,-12004,-2856,2468,nan,0.000000
2,5,3,0,16769740,22808044,5773813521305226815,1361355274.864350,-11584,-6156,2592,nan,0.000000
2,5,4,0,16769740,22808076,5773813521305229436,1361355274.865274,-10848,-10064,2908,nan,0.000000
2,5,4,0,16769740,22808076,5773813521305232057,1361355274.865274,-13548,-10200,4556,nan,0.000000
2,5,4,0,16769740,22808076,5773813521305234678,1361355274.865274,-20600,-10144,9752,nan,0.000000
2,5,4,0,16769740,22808076,5773813521305237299,1361355274.865274,-15688,-7644,1904,nan,0.000000
2,5,4,0,16769740,22808076,5773813521305239920,1361355274.865274,-15180,784,4196,nan,0.000000
1,5,5,0,73826,22808108,-3742164906841252853,1361355274.865971,-12208,-9400,3072,nan,0.000000
1,5,5,15,73826,22808108,-3742164906841250232,1361355274.865971,-10756,-4360,4104,nan,0.000000
2,5,6,15,73826,22808140,-3742164906841247611,1361355274.867310,-11448,-6144,5916,nan,0.000000
2,5,6,15,73826,22808140,-3742164906841244990,1361355274.867310,-12344,-6400,5524,nan,0.000000
2,5,6,15,73826,22808140,-3742164906841242369,1361355274.867310,-17408,-9044,8232,nan,0.000000
2,5,6,15,73826,22808140,-3742164906841239748,1361355274.867310,-12472,-14700,7532,nan,0.000000
2,5,6,15,73826,22808140,-3742164906841237127,1361355274.867310,-16604,-7628,4500,nan,0.000000
2,5,7,15,73826,22808172,-3742164906841234506,1361355274.868154,-13652,-4364,3568,nan,0.000000
2,5,7,15,73826,22808172,-3742164906841231885,1361355274.868154,-15492,-11196,4236,nan,0.000000
2,5,7,15,73826,22808172,-3742164906841229264,1361355274.868154,-12116,-2844,3504,nan,0.000000
2,5,7,15,73826,22808172,-3742164906841226643,1361355274.868154,-12184,-5668,2520,nan,0.000000
2,5,7,15,73826,22808172,-3742164906841224022,1361355274.868154,-10856,-8768,3408,nan,0.000000
2,5,8,15,73826,22808204,-3742164906841221401,1361355274.869287,-12968,-9996,4760,nan,0.000000
2,5,8,15,73826,22808204,-3742164906841218780,1361355274.869287,-18592,-10692,9196,nan,0.000000
2,5,8,15,73826,22808204,-3742164906841216159,1361355274.869287,-17212,-7148,3912,nan,0.000000
2,5,8,15,73826,22808204,-3742164906841213538,1361355274.869287,-15576,1140,3272,nan,0.000000
2,5,8,15,73826,22808204,-3742164906841210917,1361355274.869287,-16124,-5096,4256,nan,0.000000
2,5,9,15,73826,22808236,-3742164906841208296,1361355274.869823,-12120,-8868,3252,nan,0.000000
2,5,9,15,73826,22808236,-3742164906841205675,1361355274.869823,-10628,-3632,4456,nan,0.000000
2,5,9,15,73826,22808236,-3742164906841203054,1361355274.869823,-11128,-6000,5540,nan,0.000000
2,5,9,15,73826,22808236,-3742164906841200433,1361355274.869823,-13416,-6680,6476,nan,0.000000
2,5,9,15,73826,22808236,-3742164906841197812,1361355274.869823,-16660,-8516,8144,nan,0.000000
2,5,10,15,73826,22808268,-3742164906841195191,1361355274.871501,-13036,-14308,8476,nan,0.000000
2,5,10,15,73826,22808268,-3742164906841192570,1361355274.871501,-16680,-7560,4408,nan,0.000000
2,5,10,15,73826,22808268,-3742164906841189949,1361355274.871501,-13460,-4620,3180,nan,0.000000
2,5,10,15,73826,22808268,-3742164906841187328,1361355274.871501,-16012,-10256,4156,nan,0.000000
2,5,10,15,73826,22808268,-3742164906841184707,1361355274.871501,-12820,-2580,3268,nan,0.000000
2,5,11,15,73826,22808300,-3742164906841182086,1361355274.872102,-12280,-5068,2920,nan,0.000000
2,5,11,15,73826,22808300,-3742164906841179465,1361355274.872102,-11056,-9380,3952,nan,0.000000
2,5,11,15,73826,22808300,-3742164906841176844,1361355274.872102,-10852,-10064,4072,nan,0.000000
2,5,11,15,73826,22808300,-3742164906841174223,1361355274.872102,-18556,-11092,8664,nan,0.000000
2,5,11,15,73826,22808300,-3742164906841171602,1361355274.872102,-17644,-8968,5584,nan,0.000000
1,5,12,0,155130,22808332,8074774756069763083,1361355274.873291,-15812,-3128,4036,nan,0.000000
1,5,12,0,155130,22808332,8074774756069765704,1361355274.873291,-12940,-11780,3884,nan,0.000000
2,5,13,0,155130,22808364,8074774756069768325,1361355274.873605,-10900,-3992,3912,nan,0.000000
2,5,13,0,155130,22808364,8074774756069770946,1361355274.873605,-11320,-5208,4588,nan,0.000000
2,5,13,0,155130,22808364,8074774756069773567,1361355274.873605,-12736,-6712,5868,nan,0.000000
2,5,13,0,155130,22808364,8074774756069776188,1361355274.873605,-16888,-7296,6788,nan,0.000000
2,5,13,0,155130,22808364,8074774756069778809,1361355274.873605,-13540,-14744,7192,nan,0.000000
2,5,14,0,155130,22808396,8074774756069781430,1361355274.875560,-15636,-8892,3872,nan,0.000000
2,5,14,0,155130,22808396,8074774756069784051,1361355274.875560,-14316,-4068,3060,nan,0.000000
2,5,14,0,155130,22808396,8074774756069786672,1361355274.875560,-16672,-10336,2572,nan,0.000000
2,5,14,0,155130,22808396,8074774756069789293,1361355274.875560,-12576,-3540,3144,nan,0.000000
2,5,14,0,155130,22808396,8074774756069791914,1361355274.875560,-12264,-4760,1964,nan,0.000000
2,5,15,0,155130,22808428,8074774756069794535,1361355274.876130,-11892,-8628,3032,nan,0.000000
2,5,15,0,155130,22808428,8074774756069797156,1361355274.876130,-11260,-8940,3048,nan,0.000000
2,5,15,0,155130,22808428,8074774756069799777,1361355274.876130,-18008,-11452,7852,nan,0.000000
2,5,15,0,155130,22808428,8074774756069802398,1361355274.876130,-17488,-9636,5240,nan,0.000000
2,5,15,0,155130,22808428,8074774756069805019,1361355274.876130,-14852,-3396,2396,nan,0.000000
2,5,0,0,155130,22808460,8074774756069807640,1361355274.877316,-15812,92,3936,nan,0.000000
2,5,0,0,155130,22808460,8074774756069810261,1361355274.877316,-15764,-11136,4200,nan,0.000000
2,5,0,0,155130,22808460,8074774756069812882,1361355274.877316,-11028,-5632,3004,nan,0.000000
2,5,0,0,155130,22808460,8074774756069815503,1361355274.877316,-10556,-4816,4240,nan,0.000000
2,5,0,0,155130,22808460,8074774756069818124,1361355274.877316,-12444,-6208,5680,nan,0.000000
2,5,1,0,155130,22808492,8074774756069820745,1361355274.877989,-14504,-6860,6352,nan,0.000000
2,5,1,0,155130,22808492,8074774756069823366,1361355274.877989,-15876,-12152,8624,nan,0.000000
2,5,1,0,155130,22808492,8074774756069825987,1361355274.877989,-12924,-13084,6160,nan,0.000000
2,5,1,0,155130,22808492,8074774756069828608,1361355274.877989,-15764,-4968,4224,nan,0.000000
2,5,1,0,155130,22808492,8074774756069831229,1361355274.877989,-13240,-6620,3388,nan,0.000000
2,5,2,0,155130,22808524,8074774756069833850,1361355274.879265,-14620,-9340,5264,nan,0.000000
2,5,2,0,155130,22808524,8074774756069836471,1361355274.879265,-12088,-3848,2816,nan,0.000000
2,5,2,0,155130,22808524,8074774756069839092,1361355274.879265,-11756,-6468,3340,nan,0.000000
2,5,2,0,155130,22808524,8074774756069841713,1361355274.879265,-12316,-8820,4016,nan,0.000000
2,5,2,0,155130,22808524,8074774756069844334,1361355274.879265,-12648,-10776,4892,nan,0.000000
1,5,3,0,236435,22808556,3369937788768276,1361355274.879658,-16816,-7508,3568,nan,0.000000
1,5,3,0,236435,22808556,3369937788770897,1361355274.879658,-15080,-652,3048,nan,0.000000
2,5,4,0,236435,22808588,3369937788773518,1361355274.881318,-15272,-2548,4352,nan,0.000000
2,5,4,0,236435,22808588,3369937788776139,1361355274.881318,-13876,-9908,3956,nan,0.000000
2,5,4,0,236435,22808588,3369937788778760,1361355274.881318,-10764,-4716,3524,nan,0.000000
2,5,4,0,236435,22808588,3369937788781381,1361355274.881318,-11456,-6068,5404,nan,0.000000
2,5,4,0,236435,22808588,3369937788784002,1361355274.881318,-13376,-6064,6772,nan,0.000000
2,5,5,0,236435,22808620,3369937788786623,1361355274.882113,-14788,-6920,5836,nan,0.000000
2,5,5,0,236435,22808620,3369937788789244,1361355274.882113,-14208,-13296,8392,nan,0.000000
2,5,5,0,236435,22808620,3369937788791865,1361355274.882113,-14604,-11528,5472,nan,0.000000
2,5,5,0,236435,22808620,3369937788794486,1361355274.882113,-16604,-3296,4604,nan,0.000000
2,5,5,0,236435,22808620,3369937788797107,1361355274.882113,-13132,-7012,2280,nan,0.000000
2,5,6,0,236435,22808652,3369937788799728,1361355274.883305,-14132,-6616,5160,nan,0.000000
2,5,6,0,236435,22808652,3369937788802349,1361355274.883305,-14004,-2936,2588,nan,0.000000
2,5,6,0,236435,22808652,3369937788804970,1361355274.883305,-13280,-8840,4232,nan,0.000000
2,5,6,0,236435,22808652,3369937788807591,1361355274.883305,-10592,-10224,4360,nan,0.000000
2,5,6,0,236435,22808652,3369937788810212,1361355274.883305,-13184,-8636,4708,nan,0.000000
2,5,7,0,236435,22808684,3369937788812833,1361355274.885308,-16972,-9344,8896,nan,0.000000
2,5,7,0,236435,22808684,3369937788815454,1361355274.885308,-16328,-8228,5228,nan,0.000000
2,5,7,0,236435,22808684,3369937788818075,1361355274.885308,-15776,-2140,4572,nan,0.000000
2,5,7,0,236435,22808684,3369937788820696,1361355274.885308,-12872,-1052,2960,nan,0.000000
2,5,7,0,236435,22808684,3369937788823317,1361355274.885308,-16580,-8160,5228,nan,0.000000
2,5,8,0,236435,22808716,3369937788825938,1361355274.885822,-12552,-5276,4172,nan,0.000000
2,5,8,0,236435,22808716,3369937788828559,1361355274.885822,-11096,-5756,4324,nan,0.000000
2,5,8,0,236435,22808716,3369937788831180,1361355274.885822,-13708,-5796,7388,nan,0.000000
2,5,8,0,236435,22808716,3369937788833801,1361355274.885822,-13592,-5476,5848,nan,0.000000
2,5,8,0,236435,22808716,3369937788836422,1361355274.885822,-15488,-9328,8284,nan,0.000000
1,5,10,0,317737,23295714,8652915626093078553,1361355289.747301,-11844,-9320,3664,nan,0.000000
1,5,10,0,317737,23295714,8652915626093081174,1361355289.747301,-10412,-9640,3888,nan,0.000000
2,5,11,0,317737,23295746,8652915626093083795,1361355289.748238,-13908,-8964,6444,nan,0.000000
2,5,11,0,317737,23295746,8652915626093086416,1361355289.748238,-15716,-11364,7472,nan,0.000000
2,5,11,0,317737,23295746,8652915626093089037,1361355289.748238,-16592,-9428,5216,nan,0.000000
2,5,11,0,317737,23295746,8652915626093091658,1361355289.748238,-15468,-1548,4336,nan,0.000000
2,5,11,0,317737,23295746,8652915626093094279,1361355289.748238,-13736,-1960,3196,nan,0.000000
2,5,12,0,317737,23295777,8652915626093096900,1361355289.749080,-16044,-8428,4964,nan,0.000000
2,5,12,0,317737,23295777,8652915626093099521,1361355289.749080,-12388,-4960,4184,nan,0.000000
2,5,12,0,317737,23295777,8652915626093102142,1361355289.749080,-12668,-4048,5328,nan,0.000000
2,5,12,0,317737,23295777,8652915626093104763,1361355289.749080,-12920,-4408,5812,nan,0.000000
2,5,12,0,317737,23295777,8652915626093107384,1361355289.749080,-13620,-7864,5348,nan,0.000000
2,5,13,0,317737,23295810,8652915626093110005,1361355289.749920,-15836,-9332,6800,nan,0.000000
2,5,13,0,317737,23295810,8652915626093112626,1361355289.749920,-15084,-11116,5040,nan,0.000000
2,5,13,0,317737,23295810,8652915626093115247,1361355289.749920,-16964,-3508,3588,nan,0.000000
2,5,13,0,317737,23295810,8652915626093117868,1361355289.749920,-17044,-4468,1000,nan,0.000000
2,5,13,0,317737,23295810,8652915626093120489,1361355289.749920,-14284,-4512,4188,nan,0.000000
2,5,14,0,317737,23295841,8652915626093123110,1361355289.750969,-15676,-3872,2372,nan,0.000000
2,5,14,0,317737,23295841,8652915626093125731,1361355289.750969,-12844,-9100,2308,nan,0.000000
2,5,14,0,317737,23295841,8652915626093128352,1361355289.750969,-10304,-9536,2164,nan,0.000000
2,5,14,0,317737,23295841,8652915626093130973,1361355289.750969,-12028,-9320,4684,nan,0.000000
2,5,14,0,317737,23295841,8652915626093133594,1361355289.750969,-16424,-10760,7528,nan,0.000000
2,5,15,0,317737,23295873,8652915626093136215,1361355289.752857,-18544,-10660,6636,nan,0.000000
2,5,15,0,317737,23295873,8652915626093138836,1361355289.752857,-16436,-1672,2388,nan,0.000000
2,5,15,0,317737,23295873,8652915626093141457,1361355289.752857,-14432,824,2896,nan,0.000000
2,5,15,0,317737,23295873,8652915626093144078,1361355289.752857,-15692,-8980,3124,nan,0.000000
2,5,15,0,317737,23295873,8652915626093146699,1361355289.752857,-10400,-5672,3780,nan,0.000000
2,5,0,0,317737,23295905,8652915626093149320,1361355289.753435,-10640,-5524,4256,nan,0.000000
2,5,0,0,317737,23295905,8652915626093151941,1361355289.753435,-12048,-7004,6336,nan,0.000000
2,5,0,0,317737,23295905,8652915626093154562,1361355289.753435,-15664,-6692,7036,nan,0.000000
2,5,0,0,317737,23295905,8652915626093157183,1361355289.753435,-16572,-12384,9068,nan,0.000000
2,5,0,0,317737,23295905,8652915626093159804,1361355289.753435,-16416,-11124,4988,nan,0.000000
1,5,1,0,399038,23295937,-4604749315786629104,1361355289.754259,-15360,-9664,1840,nan,0.000000
1,5,1,15,399038,23295937,-4604749315786626483,1361355289.754259,-12828,-4948,4200,nan,0.000000
2,5,2,15,399038,23295969,-4604749315786623862,1361355289.754962,-12212,-3308,2524,nan,0.000000
2,5,2,15,399038,23295969,-4604749315786621241,1361355289.754962,-10804,-7928,2512,nan,0.000000
2,5,2,15,399038,23295969,-4604749315786618620,1361355289.754962,-11612,-8308,4724,nan,0.000000
2,5,2,15,399038,23295969,-4604749315786615999,1361355289.754962,-15356,-10580,6336,nan,0.000000
2,5,2,15,399038,23295969,-4604749315786613378,1361355289.754962,-19276,-9792,8496,nan,0.000000
2,5,3,15,399038,23296001,-4604749315786610757,1361355289.755600,-15968,-4492,576,nan,0.000000
2,5,3,15,399038,23296001,-4604749315786608136,1361355289.755600,-16688,2292,3696,nan,0.000000
2,5,3,15,399038,23296001,-4604749315786605515,1361355289.755600,-15376,-11484,3768,nan,0.000000
2,5,3,15,399038,23296001,-4604749315786602894,1361355289.755600,-10196,-5636,1968,nan,0.000000
2,5,3,15,399038,23296001,-4604749315786600273,1361355289.755600,-11340,-4572,4416,nan,0.000000
2,5,4,15,399038,23296033,-4604749315786597652,1361355289.756935,-12212,-6468,6308,nan,0.000000
2,5,4,15,399038,23296033,-4604749315786595031,1361355289.756935,-13672,-6584,5404,nan,0.000000
2,5,4,15,399038,23296033,-4604749315786592410,1361355289.756935,-16768,-12384,9964,nan,0.000000
2,5,4,15,399038,23296033,-4604749315786589789,1361355289.756935,-12560,-13868,5664,nan,0.000000
2,5,4,15,399038,23296033,-4604749315786587168,1361355289.756935,-17724,-4904,3260,nan,0.000000
2,5,5,15,399038,23296065,-4604749315786584547,1361355289.757783,-14228,-6424,2000,nan,0.000000
2,5,5,15,399038,23296065,-4604749315786581926,1361355289.757783,-13604,-8252,4560,nan,0.000000
2,5,5,15,399038,23296065,-4604749315786579305,1361355289.757783,-11848,-2704,1332,nan,0.000000
2,5,5,15,399038,23296065,-4604749315786576684,1361355289.757783,-12284,-6776,3460,nan,0.000000
2,5,5,15,399038,23296065,-4604749315786574063,1361355289.757783,-11888,-10252,3376,nan,0.000000
2,5,6,15,399038,23296097,-4604749315786571442,1361355289.759182,-14624,-10288,4888,nan,0.000000
2,5,6,15,399038,23296097,-4604749315786568821,1361355289.759182,-20780,-8896,9012,nan,0.000000
2,5,6,15,399038,23296097,-4604749315786566200,1361355289.759182,-16012,-5192,-372,nan,0.000000
2,5,6,15,399038,23296097,-4604749315786563579,1361355289.759182,-15720,1652,2316,nan,0.000000
2,5,6,15,399038,23296097,-4604749315786560958,1361355289.759182,-16140,-7528,3996,nan,0.000000
2,5,7,15,399038,23296129,-4604749315786558337,1361355289.759662,-11288,-6932,1184,nan,0.000000
2,5,7,15,399038,23296129,-4604749315786555716,1361355289.759662,-11080,-3892,3724,nan,0.000000
2,5,7,15,399038,23296129,-4604749315786553095,1361355289.759662,-13440,-5420,5936,nan,0.000000
2,5,7,15,399038,23296129,-4604749315786550474,1361355289.759662,-14420,-7080,5316,nan,0.000000
2,5,7,15,399038,23296129,-4604749315786547853,1361355289.759662,-17380,-9576,8104,nan,0.000000
1,5,8,0,480338,23296161,-8354514924460531708,1361355289.762841,-17304,-5272,1848,nan,0.000000
1,5,8,0,480338,23296161,-8354514924460529087,1361355289.762841,-15092,-6716,1212,nan,0.000000
2,5,9,0,480338,23296193,-8354514924460526466,1361355289.765614,-13536,-5448,3940,nan,0.000000
2,5,9,0,480338,23296193,-8354514924460523845,1361355289.765614,-12456,-3312,1024,nan,0.000000
2,5,9,0,480338,23296193,-8354514924460521224,1361355289.765614,-12492,-7868,2092,nan,0.000000
2,5,9,0,480338,23296193,-8354514924460518603,1361355289.765614,-12000,-7656,4336,nan,0.000000
2,5,9,0,480338,23296193,-8354514924460515982,1361355289.765614,-17048,-9088,5804,nan,0.000000
2,5,10,0,480338,23296225,-8354514924460513361,1361355289.767439,-18476,-9088,7452,nan,0.000000
2,5,10,0,480338,23296225,-8354514924460510740,1361355289.767439,-16360,-5112,1944,nan,0.000000
2,5,10,0,480338,23296225,-8354514924460508119,1361355289.767439,-14872,1028,2140,nan,0.000000
2,5,10,0,480338,23296225,-8354514924460505498,1361355289.767439,-15648,-9544,4744,nan,0.000000
2,5,10,0,480338,23296225,-8354514924460502877,1361355289.767439,-10884,-6732,2148,nan,0.000000
2,5,11,0,480338,23296257,-8354514924460500256,1361355289.770011,-11360,-3940,5052,nan,0.000000
2,5,11,0,480338,23296257,-8354514924460497635,1361355289.770011,-11908,-5796,6032,nan,0.000000
2,5,11,0,480338,23296257,-8354514924460495014,1361355289.770011,-14940,-6808,5776,nan,0.000000
2,5,11,0,480338,23296257,-8354514924460492393,1361355289.770011,-16508,-11272,9028,nan,0.000000
2,5,11,0,480338,23296257,-8354514924460489772,1361355289.770011,-13184,-13380,5940,nan,0.000000
2,5,12,0,480338,23296289,-8354514924460487151,1361355289.774348,-15868,-5776,2172,nan,0.000000
2,5,12,0,480338,23296289,-8354514924460484530,1361355289.774348,-14096,-5972,2040,nan,0.000000
2,5,12,0,480338,23296289,-8354514924460481909,1361355289.774348,-14476,-7740,4940,nan,0.000000
2,5,12,0,480338,23296289,-8354514924460479288,1361355289.774348,-11908,-3800,1076,nan,0.000000
2,5,12,0,480338,23296289,-8354514924460476667,1361355289.774348,-11892,-7708,3456,nan,0.000000
2,5,13,0,480338,23296321,-8354514924460474046,1361355289.777549,-11244,-8176,4104,nan,0.000000
2,5,13,0,480338,23296321,-8354514924460471425,1361355289.777549,-15440,-10280,5476,nan,0.000000
2,5,13,0,480338,23296321,-8354514924460468804,1361355289.777549,-17900,-10388,8616,nan,0.000000
2,5,13,0,480338,23296321,-8354514924460466183,1361355289.777549,-16900,-6676,2680,nan,0.000000
2,5,13,0,480338,23296321,-8354514924460463562,1361355289.777549,-14892,752,2180,nan,0.000000
2,5,14,0,480338,23296353,-8354514924460460941,1361355289.780263,-15744,-7188,4420,nan,0.000000
2,5,14,0,480338,23296353,-8354514924460458320,1361355289.780263,-11776,-9404,2228,nan,0.000000
2,5,14,0,480338,23296353,-8354514924460455699,1361355289.780263,-10912,-4284,4008,nan,0.000000
2,5,14,0,480338,23296353,-8354514924460453078,1361355289.780263,-11772,-5452,6268,nan,0.000000
2,5,14,0,480338,23296353,-8354514924460450457,1361355289.780263,-13024,-6988,5668,nan,0.000000
1,5,15,0,561638,23296385,-5474049639666531311,1361355289.784869,-13072,-14776,5812,nan,0.000000
1,5,15,0,561638,23296385,-5474049639666528690,1361355289.784869,-16624,-6460,3500,nan,0.000000
2,5,0,0,561638,23296417,-5474049639666526069,1361355289.785973,-13928,-5228,1980,nan,0.000000
2,5,0,0,561638,23296417,-5474049639666523448,1361355289.785973,-15456,-9164,4332,nan,0.000000
2,5,0,0,561638,23296417,-5474049639666520827,1361355289.785973,-12188,-3072,1896,nan,0.000000
2,5,0,0,561638,23296417,-5474049639666518206,1361355289.785973,-11724,-6776,2700,nan,0.000000
2,5,0,0,561638,23296417,-5474049639666515585,1361355289.785973,-11608,-8152,3252,nan,0.000000
2,5,1,0,561638,23296449,-5474049639666512964,1361355289.789872,-14692,-10220,4456,nan,0.000000
2,5,1,0,561638,23296449,-5474049639666510343,1361355289.789872,-19836,-10016,9064,nan,0.000000
2,5,1,0,561638,23296449,-5474049639666507722,1361355289.789872,-15916,-6100,1436,nan,0.000000
2,5,1,0,561638,23296449,-5474049639666505101,1361355289.789872,-15812,1360,3332,nan,0.000000
2,5,1,0,561638,23296449,-5474049639666502480,1361355289.789872,-16432,-8860,4164,nan,0.000000
2,5,2,0,561638,23296481,-5474049639666499859,1361355289.794336,-10524,-7660,2476,nan,0.000000
2,5,2,0,561638,23296481,-5474049639666497238,1361355289.794336,-11116,-4124,4324,nan,0.000000
2,5,2,0,561638,23296481,-5474049639666494617,1361355289.794336,-12112,-6088,5724,nan,0.000000
2,5,2,0,561638,23296481,-5474049639666491996,1361355289.794336,-13088,-7120,5732,nan,0.000000
2,5,2,0,561638,23296481,-5474049639666489375,1361355289.794336,-17720,-10380,8484,nan,0.000000
2,5,3,0,561638,23296513,-5474049639666486754,1361355289.796738,-11576,-14828,6096,nan,0.000000
2,5,3,0,561638,23296513,-5474049639666484133,1361355289.796738,-17220,-6224,2624,nan,0.000000
2,5,3,0,561638,23296513,-5474049639666481512,1361355289.796738,-15268,-4976,3128,nan,0.000000
2,5,3,0,561638,23296513,-5474049639666478891,1361355289.796738,-13992,-9276,5164,nan,0.000000
2,5,3,0,561638,23296513,-5474049639666476270,1361355289.796738,-11932,-2728,2108,nan,0.000000
2,5,4,0,561638,23296545,-5474049639666473649,1361355289.800175,-11904,-6468,2924,nan,0.000000
2,5,4,0,561638,23296545,-5474049639666471028,1361355289.800175,-11872,-9160,3576,nan,0.000000
2,5,4,0,561638,23296545,-5474049639666468407,1361355289.800175,-13808,-10352,5632,nan,0.000000
2,5,4,0,561638,23296545,-5474049639666465786,1361355289.800175,-19800,-8516,8688,nan,0.000000
2,5,4,0,561638,23296545,-5474049639666463165,1361355289.800175,-16332,-6088,1960,nan,0.000000
2,5,5,0,561638,23296577,-5474049639666460544,1361355289.802418,-15404,1224,2864,nan,0.000000
2,5,5,0,561638,23296577,-5474049639666457923,1361355289.802418,-15664,-8752,4972,nan,0.000000
2,5,5,0,561638,23296577,-5474049639666455302,1361355289.802418,-11240,-7500,2584,nan,0.000000
2,5,5,0,561638,23296577,-5474049639666452681,1361355289.802418,-11488,-4324,4664,nan,0.000000
2,5,5,0,561638,23296577,-5474049639666450060,1361355289.802418,-11124,-5764,6180,nan,0.000000
1,5,6,0,642939,23296609,7787797831762456587,1361355289.805076,-17244,-9644,8852,nan,0.000000
1,5,6,0,642939,23296609,7787797831762459208,1361355289.805076,-12564,-15356,7324,nan,0.000000
2,5,7,0,642939,23296641,7787797831762461829,1361355289.807023,-16700,-7008,2632,nan,0.000000
2,5,7,0,642939,23296641,7787797831762464450,1361355289.807023,-14236,-4656,1644,nan,0.000000
2,5,7,0,642939,23296641,7787797831762467071,1361355289.807023,-14548,-9368,4828,nan,0.000000
2,5,7,0,642939,23296641,7787797831762469692,1361355289.807023,-11292,-3516,2176,nan,0.000000
2,5,7,0,642939,23296641,7787797831762472313,1361355289.807023,-12296,-7388,3088,nan,0.000000
2,5,8,0,642939,23296673,7787797831762474934,1361355289.810000,-12064,-8712,3796,nan,0.000000
2,5,8,0,642939,23296673,7787797831762477555,1361355289.810000,-13740,-10512,4548,nan,0.000000
2,5,8,0,642939,23296673,7787797831762480176,1361355289.810000,-19456,-9760,8468,nan,0.000000
2,5,8,0,642939,23296673,7787797831762482797,1361355289.810000,-16404,-7400,1016,nan,0.000000
2,5,8,0,642939,23296673,7787797831762485418,1361355289.810000,-15296,848,1828,nan,0.000000
2,5,9,0,642939,23296705,7787797831762488039,1361355289.813905,-15808,-7396,4540,nan,0.000000
2,5,9,0,642939,23296705,7787797831762490660,1361355289.813905,-11520,-10164,1104,nan,0.000000
2,5,9,0,642939,23296705,7787797831762493281,1361355289.813905,-11944,-4312,4176,nan,0.000000
2,5,9,0,642939,23296705,7787797831762495902,1361355289.813905,-11708,-5660,5236,nan,0.000000
2,5,9,0,642939,23296705,7787797831762498523,1361355289.813905,-12556,-6192,4924,nan,0.000000
2,5,10,0,642939,23296737,7787797831762501144,1361355289.816247,-17700,-6600,7804,nan,0.000000
2,5,10,0,642939,23296737,7787797831762503765,1361355289.816247,-14248,-14660,8116,nan,0.000000
2,5,10,0,642939,23296737,7787797831762506386,1361355289.816247,-17092,-7732,2864,nan,0.000000
2,5,10,0,642939,23296737,7787797831762509007,1361355289.816247,-13332,-5912,-868,nan,0.000000
2,5,10,0,642939,23296737,7787797831762511628,1361355289.816247,-14308,-9144,4392,nan,0.000000
2,5,11,0,642939,23296769,7787797831762514249,1361355289.819990,-12184,-3292,2088,nan,0.000000
2,5,11,0,642939,23296769,7787797831762516870,1361355289.819990,-12424,-6184,2580,nan,0.000000
2,5,11,0,642939,23296769,7787797831762519491,1361355289.819990,-11836,-8192,3900,nan,0.000000
2,5,11,0,642939,23296769,7787797831762522112,1361355289.819990,-14472,-8816,3444,nan,0.000000
2,5,11,0,642939,23296769,7787797831762524733,1361355289.819990,-20632,-9172,8620,nan,0.000000
2,5,12,0,642939,23296801,7787797831762527354,1361355289.823176,-16496,-7300,2620,nan,0.000000
2,5,12,0,642939,23296801,7787797831762529975,1361355289.823176,-16104,116,2224,nan,0.000000
2,5,12,0,642939,23296801,7787797831762532596,1361355289.823176,-15292,-6016,4200,nan,0.000000
2,5,12,0,642939,23296801,7787797831762535217,1361355289.823176,-11480,-8644,2064,nan,0.000000
2,5,12,0,642939,23296801,7787797831762537838,1361355289.823176,-11884,-4260,4080,nan,0.000000
1,5,13,0,724240,23296833,-5762228179456410614,1361355289.828184,-13636,-6324,5020,nan,0.000000
1,5,13,0,724240,23296833,-5762228179456407993,1361355289.828184,-16476,-9100,8684,nan,0.000000
2,5,14,0,724240,23296865,-5762228179456405372,1361355289.832017,-13164,-15596,5620,nan,0.000000
2,5,14,0,724240,23296865,-5762228179456402751,1361355289.832017,-16676,-6892,2888,nan,0.000000
2,5,14,0,724240,23296865,-5762228179456400130,1361355289.832017,-15220,-5236,3032,nan,0.000000
2,5,14,0,724240,23296865,-5762228179456397509,1361355289.832017,-14156,-8224,4392,nan,0.000000
2,5,14,0,724240,23296865,-5762228179456394888,1361355289.832017,-12000,-2716,2188,nan,0.000000
2,5,15,0,724240,23296896,-5762228179456392267,1361355289.835162,-12128,-7204,3568,nan,0.000000
2,5,15,0,724240,23296896,-5762228179456389646,1361355289.835162,-11284,-8112,4024,nan,0.000000
2,5,15,0,724240,23296896,-5762228179456387025,1361355289.835162,-14172,-9864,4992,nan,0.000000
2,5,15,0,724240,23296896,-5762228179456384404,1361355289.835162,-18956,-9784,9768,nan,0.000000
2,5,15,0,724240,23296896,-5762228179456381783,1361355289.835162,-15480,-7472,2628,nan,0.000000
2,5,0,0,724240,23296929,-5762228179456379162,1361355289.837791,-14900,928,3280,nan,0.000000
2,5,0,0,724240,23296929,-5762228179456376541,1361355289.837791,-16140,-10124,5216,nan,0.000000
2,5,0,0,724240,23296929,-5762228179456373920,1361355289.837791,-10656,-8624,2080,nan,0.000000
2,5,0,0,724240,23296929,-5762228179456371299,1361355289.837791,-12016,-4868,4688,nan,0.000000
2,5,0,0,724240,23296929,-5762228179456368678,1361355289.837791,-11864,-5604,5584,nan,0.000000
2,5,1,0,724240,23296961,-5762228179456366057,1361355289.840844,-12664,-5788,5268,nan,0.000000
2,5,1,0,724240,23296961,-5762228179456363436,1361355289.840844,-16508,-8764,7716,nan,0.000000
2,5,1,0,724240,23296961,-5762228179456360815,1361355289.840844,-12408,-15348,7664,nan,0.000000
2,5,1,0,724240,23296961,-5762228179456358194,1361355289.840844,-16332,-9028,4432,nan,0.000000
2,5,1,0,724240,23296961,-5762228179456355573,1361355289.840844,-13580,-3876,3544,nan,0.000000
2,5,2,0,724240,23296993,-5762228179456352952,1361355289.842650,-14504,-10456,4436,nan,0.000000
2,5,2,0,724240,23296993,-5762228179456350331,1361355289.842650,-11424,-5276,3900,nan,0.000000
2,5,2,0,724240,23296993,-5762228179456347710,1361355289.842650,-12600,-6436,3464,nan,0.000000
2,5,2,0,724240,23296993,-5762228179456345089,1361355289.842650,-11508,-8280,3476,nan,0.000000
2,5,2,0,724240,23296993,-5762228179456342468,1361355289.842650,-12656,-8648,4024,nan,0.000000
2,5,3,0,724240,23297025,-5762228179456339847,1361355292.229308,-16080,-10664,6600,nan,0.000000
2,5,3,0,724240,23297025,-5762228179456337226,1361355292.229308,-17768,-9200,6012,nan,0.000000
2,5,3,0,724240,23297025,-5762228179456334605,1361355292.229308,-15976,-3264,3196,nan,0.000000
2,5,3,0,724240,23297025,-5762228179456331984,1361355292.229308,-15464,-668,5212,nan,0.000000
2,5,3,0,724240,23297025,-5762228179456329363,1361355292.229308,-14024,-11068,4132,nan,0.000000
1,5,4,0,805540,23377053,8941634124808636441,1361355292.230503,-11228,-4748,6352,nan,0.000000
1,5,4,1,805540,23377053,8941634124808639062,1361355292.230503,-11012,-6764,5292,nan,0.000000
2,5,5,1,805540,23377085,8941634124808641683,1361355292.231283,-15596,-8316,7100,nan,0.000000
2,5,5,1,805540,23377085,8941634124808644304,1361355292.231283,-13620,-14080,9232,nan,0.000000
2,5,5,1,805540,23377085,8941634124808646925,1361355292.231283,-14364,-10824,4900,nan,0.000000
2,5,5,1,805540,23377085,8941634124808649546,1361355292.231283,-13812,-4160,3788,nan,0.000000
2,5,5,1,805540,23377085,8941634124808652167,1361355292.231283,-17288,-9760,4404,nan,0.000000
2,5,6,1,805540,23377117,8941634124808654788,1361355292.232260,-12100,-4996,3996,nan,0.000000
2,5,6,1,805540,23377117,8941634124808657409,1361355292.232260,-11772,-5072,2588,nan,0.000000
2,5,6,1,805540,23377117,8941634124808660030,1361355292.232260,-11396,-8060,3504,nan,0.000000
2,5,6,1,805540,23377117,8941634124808662651,1361355292.232260,-12152,-9688,3948,nan,0.000000
2,5,6,1,805540,23377117,8941634124808665272,1361355292.232260,-15696,-10644,7196,nan,0.000000
2,5,7,1,805540,23377149,8941634124808667893,1361355292.233082,-18376,-9484,7952,nan,0.000000
2,5,7,1,805540,23377149,8941634124808670514,1361355292.233082,-14720,-3788,2268,nan,0.000000
2,5,7,1,805540,23377149,8941634124808673135,1361355292.233082,-15664,-184,4224,nan,0.000000
2,5,7,1,805540,23377149,8941634124808675756,1361355292.233082,-15156,-9316,4744,nan,0.000000
2,5,7,1,805540,23377149,8941634124808678377,1361355292.233082,-11204,-5612,2472,nan,0.000000
2,5,8,1,805540,23377181,8941634124808680998,1361355292.233841,-11148,-4784,5580,nan,0.000000
2,5,8,1,805540,23377181,8941634124808683619,1361355292.233841,-11924,-6316,6016,nan,0.000000
2,5,8,1,805540,23377181,8941634124808686240,1361355292.233841,-15360,-6412,6396,nan,0.000000
2,5,8,1,805540,23377181,8941634124808688861,1361355292.233841,-15752,-12404,9216,nan,0.000000
2,5,8,1,805540,23377181,8941634124808691482,1361355292.233841,-13912,-12416,3780,nan,0.000000
2,5,9,1,805540,23377212,8941634124808694103,1361355292.234888,-15452,-5660,2592,nan,0.000000
2,5,9,1,805540,23377212,8941634124808696724,1361355292.234888,-15812,-8572,2568,nan,0.000000
2,5,9,1,805540,23377212,8941634124808699345,1361355292.234888,-12376,-5552,4848,nan,0.000000
2,5,9,1,805540,23377212,8941634124808701966,1361355292.234888,-11756,-5688,1244,nan,0.000000
2,5,9,1,805540,23377212,8941634124808704587,1361355292.234888,-11608,-8424,2964,nan,0.000000
2,5,10,1,805540,23377245,8941634124808707208,1361355294.709240,-12780,-9276,4168,nan,0.000000
2,5,10,1,805540,23377245,8941634124808709829,1361355294.709240,-15924,-10384,6460,nan,0.000000
2,5,10,1,805540,23377245,8941634124808712450,1361355294.709240,-16752,-10392,7588,nan,0.000000
2,5,10,1,805540,23377245,8941634124808715071,1361355294.709240,-14252,-6320,-220,nan,0.000000
2,5,10,1,805540,23377245,8941634124808717692,1361355294.709240,-15364,-1588,4056,nan,0.000000
